1 1 70.94770001626439 110.48367997397698 4 4 1 -1 -1
1 2 61.50911769576061 102.02682232690222 4 4 1 -1 -1
1 4 59.398564323518805 30.027279649577537 4 4 1 -1 -1
1 6 36.348185889186944 103.92576057645495 4 4 1 -1 -1
1 35 9.10697145578848 187.54911299362334 4 4 1 -1 -1
1 38 68.2330033168621 58.93920427391576 4 4 1 -1 -1
1 43 83.76977081320261 87.85485489210505 4 4 1 -1 -1
1 44 79.02242518932078 86.12854739251166 4 4 1 -1 -1
1 45 59.169888943996796 143.5282717539919 4 4 1 -1 -1
1 47 48.380467071538106 147.41246362807703 4 4 1 -1 -1
1 50 29.391084576010815 159.49661612523076 4 4 1 -1 -1
1 51 25.506892701925686 181.93861361994482 4 4 1 -1 -1
1 53 68.66458019176044 162.51765424951918 4 4 1 -1 -1
1 54 64.34881144277696 169.42288424789274 4 4 1 -1 -1
1 55 111.39069080669685 184.09649799443656 4 4 1 -1 -1
1 56 114.41172893098529 190.13857424301344 4 4 1 -1 -1
1 57 82.04346331360922 235.02256923244158 4 4 1 -1 -1
1 58 74.70665644033731 233.2962617328482 4 4 1 -1 -1
1 59 96.71707706015303 232.86468485794984 4 4 1 -1 -1
1 62 66.93827269216703 219.0542248612027 4 4 1 -1 -1
1 63 6.949087081296742 222.93841673528786 4 4 1 -1 -1
1 64 20.327970203145515 213.87530236242256 4 4 1 -1 -1
1 66 28.096353951315773 210.42268736323578 4 4 1 -1 -1
1 67 74.70665644033731 214.73845611221924 4 4 1 -1 -1
1 68 72.98034894074392 220.78053236079612 4 4 1 -1 -1
1 69 54.85412019501332 205.67534173935394 4 4 1 -1 -1
1 70 51.40150519582654 201.7911498652688 4 4 1 -1 -1
1 71 35.43316082458768 196.61222736648864 4 4 1 -1 -1
1 72 34.13843019989264 190.5701511179118 4 4 1 -1 -1
1 73 44.92785207235132 195.3174967417936 4 4 1 -1 -1
1 75 52.26465894562323 194.02276611709857 4 4 1 -1 -1
1 76 47.94889019663976 189.70699736811508 4 4 1 -1 -1
1 77 46.65415957194472 185.39122861913162 4 4 1 -1 -1
1 81 54.85412019501332 154.3176936264506 4 4 1 -1 -1
1 82 57.875158319301754 183.23334424463988 4 4 1 -1 -1
1 83 33.275276450095944 169.8544611227911 4 4 1 -1 -1
1 87 37.59104519907942 175.03338362157126 4 4 1 -1 -1
1 88 31.54896895050255 176.75969112116465 4 4 1 -1 -1
1 89 15.580624579263693 41.676129277981865 4 4 1 -1 -1
1 90 19.033239578450473 37.79193740389673 4 4 1 -1 -1
1 91 20.759547078043862 110.72842926171747 4 4 1 -1 -1
1 92 25.07531582702734 112.45473676131087 4 4 1 -1 -1
1 93 9.970125205585175 100.80216113905547 4 4 1 -1 -1
1 94 26.37004645172238 80.51804801883314 4 4 1 -1 -1
1 95 37.15946832418106 60.233934898610805 4 4 1 -1 -1
1 96 95.422346435458 28.297246156133088 4 4 1 -1 -1
1 97 103.6223070585266 34.339322404709954 4 4 1 -1 -1
1 99 141.16949517468282 171.14919174748613 4 4 1 -1 -1
1 100 141.60107204958118 175.89653737136797 4 4 1 -1 -1
1 109 149.03891106926687 158.3367964316289 4 4 1 -1 -1
1 111 136.22107788478596 159.28626555640525 4 4 1 -1 -1
1 113 140.96842350866777 164.0336111802871 4 4 1 -1 -1
1 115 171.8261700638996 165.9325494298398 4 4 1 -1 -1
1 118 192.23975624659147 236.1932646632908 4 4 1 -1 -1
1 119 198.88604012002602 233.34485728896172 4 4 1 -1 -1
1 120 200.31024380719057 228.1227771026917 4 4 1 -1 -1
1 121 265.8236134167597 81.42979732474335 4 4 1 -1 -1
1 122 161.8567442537478 171.629364178498 4 4 1 -1 -1
1 126 241.13741617257426 163.0841420555107 4 4 1 -1 -1
1 127 246.35949635884424 157.38732730685254 4 4 1 -1 -1
1 128 247.7837000460088 164.98308030506345 4 4 1 -1 -1
1 129 175.6240465630051 173.05356786566256 4 4 1 -1 -1
1 132 181.32086131166326 164.50834574267526 4 4 1 -1 -1
1 133 224.52170648898786 147.4179014967007 4 4 1 -1 -1
1 136 252.5310456698906 73.35930976414426 4 4 1 -1 -1
1 138 279.1161811636288 90.44975401011881 4 4 1 -1 -1
1 139 274.8435701021352 96.14656875877701 4 4 1 -1 -1
1 140 270.5709590406415 115.61068581669248 4 4 1 -1 -1
1 141 264.8741442919833 15.916427715174185 4 4 1 -1 -1
1 148 136.22107788478596 238.56693747523173 4 4 1 -1 -1
1 153 156.1599295050896 204.3860489832826 4 4 1 -1 -1
1 155 265.8236134167597 177.80091348954437 4 4 1 -1 -1
1 156 255.3794530442197 214.8302093558226 4 4 1 -1 -1
1 158 272.94463185258246 159.28626555640525 4 4 1 -1 -1
1 159 183.69453412360417 200.58817248417714 4 4 1 -1 -1
1 160 190.81555255942692 198.2144996722362 4 4 1 -1 -1
1 161 193.66395993375602 205.81025267044714 4 4 1 -1 -1
1 162 169.9272318143469 124.63064250206794 4 4 1 -1 -1
1 163 181.32086131166326 121.78223512773886 4 4 1 -1 -1
1 164 193.66395993375602 123.68117337729159 4 4 1 -1 -1
1 169 103.40700437628858 40.76640702621703 4 4 1 -1 -1
1 170 268.6532779880271 152.4521941634326 4 4 1 -1 -1
1 171 243.39463948015552 128.41083943907284 4 4 1 -1 -1
1 173 248.26377461420304 129.0194813308288 4 4 1 -1 -1
1 174 12.793849573488028 78.86232264774789 4 4 1 -1 -1
2 1 70.69594683924035 107.99312175841776 4 4 1 -1 -1
2 2 62.250890449492125 104.5785205997387 4 4 1 -1 -1
2 4 59.398564323518805 30.027279649577537 4 4 1 -1 -1
2 6 36.82292045157511 106.29943338839585 4 4 1 -1 -1
2 35 7.164875518745918 187.54911299362334 4 4 1 -1 -1
2 38 67.540682080046 60.737441252658876 4 4 1 -1 -1
2 43 83.76977081320261 87.97255767616824 4 4 1 -1 -1
2 44 79.05838992889565 85.90376777016877 4 4 1 -1 -1
2 45 57.84433139966614 144.45307934305976 4 4 1 -1 -1
2 47 46.50002497376673 148.49140581532288 4 4 1 -1 -1
2 50 30.36213254453209 157.60846729755048 4 4 1 -1 -1
2 51 25.749654694056 180.05046479226453 4 4 1 -1 -1
2 53 70.1481256992235 158.1479383911734 4 4 1 -1 -1
2 54 64.88828253639993 165.67356014721335 4 4 1 -1 -1
2 55 112.28081811117474 181.9386136199448 4 4 1 -1 -1
2 56 114.33080826694184 187.71095432171023 4 4 1 -1 -1
2 57 80.72175913423303 232.86468485794984 4 4 1 -1 -1
2 58 73.73560847181602 230.7068004834581 4 4 1 -1 -1
2 59 94.82892823247275 231.4620600145302 4 4 1 -1 -1
2 62 65.643542067472 218.191071111406 4 4 1 -1 -1
2 63 8.567500362165545 220.8344794701584 4 4 1 -1 -1
2 64 21.12947011367105 210.97757191667648 4 4 1 -1 -1
2 66 27.448988638968256 209.99111048833743 4 4 1 -1 -1
2 67 75.38099530736596 214.06411724519057 4 4 1 -1 -1
2 68 72.61350859708031 219.90658918912698 4 4 1 -1 -1
2 69 53.07026911210015 204.81218798955723 4 4 1 -1 -1
2 70 49.5025669462738 200.81290894883253 4 4 1 -1 -1
2 71 36.9976269960942 195.1556554137067 4 4 1 -1 -1
2 72 35.055531059051624 188.6010816261881 4 4 1 -1 -1
2 73 45.844952931510306 195.1017083043444 4 4 1 -1 -1
2 75 52.56136804711585 194.02276611709857 4 4 1 -1 -1
2 76 48.48836129026269 189.8958122508831 4 4 1 -1 -1
2 77 47.382445548335674 185.04057240827672 4 4 1 -1 -1
2 81 53.52856265068269 153.91694367118782 4 4 1 -1 -1
2 82 58.27976163951895 179.88862346417767 4 4 1 -1 -1
2 83 33.248302895414795 168.26302139660342 4 4 1 -1 -1
2 87 38.669987386325275 174.62878030135406 4 4 1 -1 -1
2 88 31.845678051995165 177.16429444138186 4 4 1 -1 -1
2 89 15.564440446455006 41.897312426367264 4 4 1 -1 -1
2 90 20.354943757826657 36.71299521665086 4 4 1 -1 -1
2 91 20.78652063272501 111.08807665746609 4 4 1 -1 -1
2 92 25.102289381708488 112.6974987534412 4 4 1 -1 -1
2 93 9.169909750044498 99.91203383457763 4 4 1 -1 -1
2 94 26.441077582128965 80.76439002428576 4 4 1 -1 -1
2 95 37.051574105456474 60.395776226697684 4 4 1 -1 -1
2 96 95.85392331035635 26.570938656539695 4 4 1 -1 -1
2 97 104.25169000108669 33.17945955342064 4 4 1 -1 -1
2 99 143.73198286939174 169.85446112279107 4 4 1 -1 -1
2 100 144.07364789535296 175.65377537923766 4 4 1 -1 -1
2 109 149.21693653016246 158.61372492635533 4 4 1 -1 -1
2 111 136.76979705429957 159.36641554745782 4 4 1 -1 -1
2 113 140.96842350866777 164.0336111802871 4 4 1 -1 -1
2 115 171.85584097404887 165.90287851969055 4 4 1 -1 -1
2 118 192.23975624659147 236.1932646632908 4 4 1 -1 -1
2 119 198.85636920987676 233.61189548030507 4 4 1 -1 -1
2 120 200.2166065930743 228.26323292386616 4 4 1 -1 -1
2 121 266.37747040621264 78.95722147897156 4 4 1 -1 -1
2 122 161.91608607404632 171.51068053790095 4 4 1 -1 -1
2 126 238.40769243884222 162.87644568446586 4 4 1 -1 -1
2 127 244.4902290194408 157.89173277939 4 4 1 -1 -1
2 128 245.97377452690387 164.7160421137201 4 4 1 -1 -1
2 129 175.22843442768163 172.97444543859785 4 4 1 -1 -1
2 132 181.64724132330517 164.71604211372008 4 4 1 -1 -1
2 133 224.46236466868933 147.5563657440639 4 4 1 -1 -1
2 136 252.35302020899505 73.65601886563687 4 4 1 -1 -1
2 140 269.93797962412395 115.0568288272396 4 4 1 -1 -1
2 141 264.7356800446201 15.125203444527214 4 4 1 -1 -1
2 148 136.28498446049207 238.5486784536014 4 4 1 -1 -1
2 153 155.6258531224029 204.41571989343186 4 4 1 -1 -1
2 155 266.05570586948284 177.4316754965758 4 4 1 -1 -1
2 156 256.80365673138425 211.9818019814935 4 4 1 -1 -1
2 158 270.9270099624327 159.53211024049915 4 4 1 -1 -1
2 159 183.70640248766387 200.68905357868462 4 4 1 -1 -1
2 160 190.81555255942692 198.2144996722362 4 4 1 -1 -1
2 161 193.66395993375602 205.81025267044714 4 4 1 -1 -1
2 162 171.73715733345188 123.82952792803789 4 4 1 -1 -1
2 163 182.15164679584262 122.07894422923147 4 4 1 -1 -1
2 164 194.25737813674124 122.820716982963 4 4 1 -1 -1
2 169 104.63696819921205 39.37794271064879 4 4 1 -1 -1
2 170 268.34895704214915 151.69139179873767 4 4 1 -1 -1
2 171 243.2642162176364 128.93253248914937 4 4 1 -1 -1
2 173 248.05455396391193 129.15262174465042 4 4 1 -1 -1
2 174 12.913746091479283 78.6789515025848 4 4 1 -1 -1
3 1 70.44419366221632 105.50256354285855 4 4 1 -1 -1
3 2 62.4862796700096 107.73154931826687 4 4 1 -1 -1
3 4 59.398564323518805 30.027279649577537 4 4 1 -1 -1
3 6 36.82292045157511 108.67310620033676 4 4 1 -1 -1
3 35 5.222779581703355 187.54911299362334 4 4 1 -1 -1
3 38 66.8483608432299 62.535678231401995 4 4 1 -1 -1
3 43 83.76977081320261 88.09026046023142 4 4 1 -1 -1
3 44 79.0943546684705 85.67898814782588 4 4 1 -1 -1
3 45 54.593277028865955 146.37383356650844 4 4 1 -1 -1
3 47 44.088411337658926 150.56629463694955 4 4 1 -1 -1
3 50 31.33318051305337 155.72031846987022 4 4 1 -1 -1
3 51 25.992416686186317 178.16231596458425 4 4 1 -1 -1
3 53 70.68220208191025 155.87856332399957 4 4 1 -1 -1
3 54 65.8305587132613 162.24072575479272 4 4 1 -1 -1
3 55 112.39410704083555 180.29862149533105 4 4 1 -1 -1
3 56 114.39374656119786 186.69315219174163 4 4 1 -1 -1
3 57 79.31373957987716 231.19592094167623 4 4 1 -1 -1
3 58 71.72877600353871 229.0380365671845 4 4 1 -1 -1
3 59 92.94077940479248 230.05943517111055 4 4 1 -1 -1
3 62 64.2049524844775 217.8458096114873 4 4 1 -1 -1
3 63 9.176845806962511 222.38661487381066 4 4 1 -1 -1
3 64 20.708168878651236 211.60438594926694 4 4 1 -1 -1
3 66 26.80162332662074 209.5595336134391 4 4 1 -1 -1
3 67 73.91183569573283 213.17398994071272 4 4 1 -1 -1
3 68 72.24666825341671 219.0326460174578 4 4 1 -1 -1
3 69 50.443815559147346 205.01770078712786 4 4 1 -1 -1
3 70 47.94272481271264 200.97526405891333 4 4 1 -1 -1
3 71 38.56209316760071 193.69908346092478 4 4 1 -1 -1
3 72 35.97263191821061 186.63201213446436 4 4 1 -1 -1
3 73 46.76205379066929 194.88591986689525 4 4 1 -1 -1
3 75 52.858077148608466 194.02276611709857 4 4 1 -1 -1
3 76 49.02783238388562 190.0846271336511 4 4 1 -1 -1
3 77 48.11073152472663 184.6899161974218 4 4 1 -1 -1
3 81 50.95807181337605 156.12225407588818 4 4 1 -1 -1
3 82 58.68436495973616 176.54390268371546 4 4 1 -1 -1
3 83 33.545011996907405 168.6496423470332 4 4 1 -1 -1
3 87 39.101564261223615 174.62878030135403 4 4 1 -1 -1
3 88 32.14238715348778 177.56889776159906 4 4 1 -1 -1
3 89 15.548256313646316 42.11849557475267 4 4 1 -1 -1
3 90 20.295601937528136 37.01509902907971 4 4 1 -1 -1
3 91 20.81349418740616 111.44772405321471 4 4 1 -1 -1
3 92 25.129262936389637 112.9402607455715 4 4 1 -1 -1
3 93 8.369694294503823 99.0219065300998 4 4 1 -1 -1
3 94 26.512108712535547 81.01073202973839 4 4 1 -1 -1
3 95 36.943679886731886 60.557617554784564 4 4 1 -1 -1
3 96 97.93987820569838 24.341124802898232 4 4 1 -1 -1
3 97 104.88107294364677 32.01959670213134 4 4 1 -1 -1
3 99 146.2944705641007 168.55973049809603 4 4 1 -1 -1
3 100 146.54622374112475 175.41101338710732 4 4 1 -1 -1
3 109 149.394961991058 158.8906534210818 4 4 1 -1 -1
3 111 137.3185162238132 159.44656553851036 4 4 1 -1 -1
3 113 140.96842350866777 164.0336111802871 4 4 1 -1 -1
3 115 171.88551188419817 165.87320760954128 4 4 1 -1 -1
3 118 192.23975624659147 236.1932646632908 4 4 1 -1 -1
3 119 198.8266982997275 233.87893367164844 4 4 1 -1 -1
3 120 200.12296937895798 228.4036887450406 4 4 1 -1 -1
3 121 266.93132739566556 76.48464563319978 4 4 1 -1 -1
3 122 161.6589381860861 170.9489113057416 4 4 1 -1 -1
3 126 235.67796870511017 162.66874931342105 4 4 1 -1 -1
3 127 242.01963123434564 157.8897547187134 4 4 1 -1 -1
3 128 244.16384900779892 164.44900392237673 4 4 1 -1 -1
3 129 174.83282229235814 172.89532301153315 4 4 1 -1 -1
3 132 181.11909912264832 163.2621675164063 4 4 1 -1 -1
3 133 224.40302284839083 147.69482999142713 4 4 1 -1 -1
3 136 252.1749947480995 73.95272796712948 4 4 1 -1 -1
3 139 274.84357010213523 96.14656875877701 4 4 1 -1 -1
3 140 269.3050002076064 114.50297183778672 4 4 1 -1 -1
3 141 264.5972157972569 14.333979173880245 4 4 1 -1 -1
3 148 136.34889103619815 238.5304194319711 4 4 1 -1 -1
3 153 155.0917767397162 204.44539080358112 4 4 1 -1 -1
3 155 266.28779832220596 177.0624375036072 4 4 1 -1 -1
3 156 258.2278604185488 209.1333946071644 4 4 1 -1 -1
3 158 268.9093880722829 159.77795492459302 4 4 1 -1 -1
3 159 183.7182708517236 200.7899346731921 4 4 1 -1 -1
3 160 190.81555255942692 198.2144996722362 4 4 1 -1 -1
3 161 193.66395993375602 205.81025267044714 4 4 1 -1 -1
3 162 173.54708285255683 123.02841335400782 4 4 1 -1 -1
3 163 182.5076977176338 122.24905744742057 4 4 1 -1 -1
3 164 194.8507963397265 121.96026058863441 4 4 1 -1 -1
3 169 105.86693202213553 37.98947839508054 4 4 1 -1 -1
3 170 268.0446360962712 150.93058943404276 4 4 1 -1 -1
3 171 243.13379295511726 129.4542255392259 4 4 1 -1 -1
3 173 247.84533331362084 129.285762158472 4 4 1 -1 -1
3 174 13.033642609470538 78.49558035742169 4 4 1 -1 -1
4 1 70.19244048519228 103.01200532729933 4 4 1 -1 -1
4 2 64.14587257769165 110.03683774681616 4 4 1 -1 -1
4 4 59.398564323518805 30.027279649577537 4 4 1 -1 -1
4 6 35.39871676441056 110.57204444988949 4 4 1 -1 -1
4 35 3.280683644660792 187.54911299362334 4 4 1 -1 -1
4 38 66.1560396064138 64.33391521014511 4 4 1 -1 -1
4 43 83.76977081320261 88.20796324429462 4 4 1 -1 -1
4 44 79.13031940804537 85.45420852548298 4 4 1 -1 -1
4 45 51.342222658065765 148.29458778995712 4 4 1 -1 -1
4 47 41.67679770155113 152.64118345857622 4 4 1 -1 -1
4 50 32.30422848157465 153.83216964218994 4 4 1 -1 -1
4 51 26.420140196130212 175.2568787889293 4 4 1 -1 -1
4 53 70.32229779516466 153.82497669427494 4 4 1 -1 -1
4 54 66.71118105085148 159.94848738888916 4 4 1 -1 -1
4 55 113.9562611933694 179.5834369597852 4 4 1 -1 -1
4 56 115.04239632853023 186.13775385630697 4 4 1 -1 -1
4 57 79.97112364110626 230.4211376948349 4 4 1 -1 -1
4 58 72.18809710610911 227.8008495258092 4 4 1 -1 -1
4 59 92.16239968399367 229.489137157852 4 4 1 -1 -1
4 62 62.766362901483 217.50054811156863 4 4 1 -1 -1
4 63 8.856641059670714 220.4529370571301 4 4 1 -1 -1
4 64 20.286867643631417 212.2311999818574 4 4 1 -1 -1
4 66 26.15425801427322 209.12795673854075 4 4 1 -1 -1
4 67 72.44267608409972 212.2838626362349 4 4 1 -1 -1
4 68 70.78428661193423 217.94291440833948 4 4 1 -1 -1
4 69 47.81736200619454 205.2232135846985 4 4 1 -1 -1
4 70 46.382882679151486 201.13761916899412 4 4 1 -1 -1
4 71 38.58521335732741 192.24251150814285 4 4 1 -1 -1
4 72 36.27319438465766 187.12909621358835 4 4 1 -1 -1
4 73 46.754347060760416 195.1017083043444 4 4 1 -1 -1
4 75 52.53824785738915 194.26938147418332 4 4 1 -1 -1
4 76 48.45753437062707 189.7802113022496 4 4 1 -1 -1
4 77 47.05105616225302 184.77083686146523 4 4 1 -1 -1
4 81 48.38758097606941 158.3275644805885 4 4 1 -1 -1
4 82 58.22581453015665 172.27437431418537 4 4 1 -1 -1
4 83 33.841721098400015 169.03626329746294 4 4 1 -1 -1
4 87 39.533141136121955 174.62878030135403 4 4 1 -1 -1
4 88 32.43909625498039 177.97350108181624 4 4 1 -1 -1
4 89 15.532072180837627 42.33967872313808 4 4 1 -1 -1
4 90 20.236260117229616 37.317202841508546 4 4 1 -1 -1
4 91 20.840467742087306 111.80737144896334 4 4 1 -1 -1
4 92 25.156236491070786 113.18302273770183 4 4 1 -1 -1
4 93 7.569478838963146 98.13177922562195 4 4 1 -1 -1
4 94 26.58313984294213 81.25707403519101 4 4 1 -1 -1
4 95 36.8357856680073 60.71945888287144 4 4 1 -1 -1
4 96 100.0258331010404 22.111310949256772 4 4 1 -1 -1
4 97 105.51045588620686 30.859733850842026 4 4 1 -1 -1
4 99 148.33290062500453 167.9123651857485 4 4 1 -1 -1
4 100 149.01879958689653 175.168251394977 4 4 1 -1 -1
4 109 149.5729874519536 159.16758191580823 4 4 1 -1 -1
4 111 137.8672353933268 159.52671552956292 4 4 1 -1 -1
4 113 140.96842350866777 164.0336111802871 4 4 1 -1 -1
4 115 171.50826745515758 166.08090398058613 4 4 1 -1 -1
4 118 192.23975624659147 236.1932646632908 4 4 1 -1 -1
4 119 198.79702738957823 234.1459718629918 4 4 1 -1 -1
4 120 200.0293321648417 228.54414456621507 4 4 1 -1 -1
4 121 267.4851843851185 74.01206978742799 4 4 1 -1 -1
4 122 162.31734981130302 171.40443042155692 4 4 1 -1 -1
4 126 233.96553331935283 162.46105294237623 4 4 1 -1 -1
4 127 240.3967737392294 158.83724578281314 4 4 1 -1 -1
4 128 240.62453329713702 165.402711748603 4 4 1 -1 -1
4 129 175.74273020360218 172.81620058446845 4 4 1 -1 -1
4 132 180.59095692199148 161.80829291909248 4 4 1 -1 -1
4 133 224.3436810280923 147.83329423879033 4 4 1 -1 -1
4 136 251.99696928720394 74.2494370686221 4 4 1 -1 -1
4 138 276.6572251286647 89.67069850185266 4 4 1 -1 -1
4 139 274.84357010213535 96.14656875877701 4 4 1 -1 -1
4 140 268.6720207910888 113.94911484833383 4 4 1 -1 -1
4 141 264.4587515498937 13.542754903233273 4 4 1 -1 -1
4 148 136.41279761190427 238.51216041034078 4 4 1 -1 -1
4 153 154.21860424103795 204.6785193833253 4 4 1 -1 -1
4 155 266.5198907749291 176.6931995106386 4 4 1 -1 -1
4 156 259.65206410571335 206.2849872328353 4 4 1 -1 -1
4 158 266.89176618213315 160.02379960868691 4 4 1 -1 -1
4 159 183.73013921578328 200.8908157676996 4 4 1 -1 -1
4 160 190.81555255942692 198.2144996722362 4 4 1 -1 -1
4 161 193.66395993375602 205.81025267044714 4 4 1 -1 -1
4 162 172.98333555972084 123.71932169034064 4 4 1 -1 -1
4 163 183.84712737580043 121.80879765682486 4 4 1 -1 -1
4 164 195.44421454271173 123.06656166705687 4 4 1 -1 -1
4 169 107.096895845059 36.6010140795123 4 4 1 -1 -1
4 170 267.74031515039326 150.16978706934782 4 4 1 -1 -1
4 171 243.00336969259814 129.9759185893024 4 4 1 -1 -1
4 173 247.63611266332973 129.41890257229363 4 4 1 -1 -1
4 174 13.153539127461793 78.3122092122586 4 4 1 -1 -1
5 1 70.00155071360261 100.68024526955529 4 4 1 -1 -1
5 2 64.27170766842723 112.0499818292804 4 4 1 -1 -1
5 4 59.398564323518805 30.027279649577537 4 4 1 -1 -1
5 6 35.39871676441056 112.9457172618304 4 4 1 -1 -1
5 35 1.3385877076182293 187.54911299362334 4 4 1 -1 -1
5 38 65.46371836959769 66.13215218888823 4 4 1 -1 -1
5 43 83.76977081320261 88.3256660283578 4 4 1 -1 -1
5 44 79.16628414762023 85.2294289031401 4 4 1 -1 -1
5 45 47.93423124184801 149.50912530902667 4 4 1 -1 -1
5 47 39.53982389492409 154.0098555758238 4 4 1 -1 -1
5 50 33.27527645009592 151.94402081450966 4 4 1 -1 -1
5 51 26.847863706074104 172.35144161327435 4 4 1 -1 -1
5 53 69.13243797976844 151.5058042953821 4 4 1 -1 -1
5 54 67.09383007125129 158.25381700361407 4 4 1 -1 -1
5 55 113.95626119336941 178.28870633509013 4 4 1 -1 -1
5 56 115.39226210554833 184.7192017710756 4 4 1 -1 -1
5 57 77.77346068377705 229.1815793519492 4 4 1 -1 -1
5 58 70.1575516227275 226.5304642632879 4 4 1 -1 -1
5 59 91.38401996319487 228.91883914459348 4 4 1 -1 -1
5 62 61.128583991612345 216.2257364195612 4 4 1 -1 -1
5 63 8.536436312378918 221.1446852294145 4 4 1 -1 -1
5 64 19.865566408611603 212.85801401444786 4 4 1 -1 -1
5 66 25.506892701925704 208.6963798636424 4 4 1 -1 -1
5 67 71.45489067908397 211.8585104278014 4 4 1 -1 -1
5 68 69.32190497045175 216.85318279922114 4 4 1 -1 -1
5 69 45.19090845324174 205.42872638226913 4 4 1 -1 -1
5 70 43.672168879194714 201.0482211020509 4 4 1 -1 -1
5 71 38.608333547054116 190.78593955536093 4 4 1 -1 -1
5 72 37.287518605744296 185.8500754613999 4 4 1 -1 -1
5 73 46.91263143658164 196.14745227044423 4 4 1 -1 -1
5 75 52.218418566169845 194.5159968312681 4 4 1 -1 -1
5 76 47.6548488093464 189.9073723457464 4 4 1 -1 -1
5 77 46.223768347801595 184.3869824294643 4 4 1 -1 -1
5 81 44.973553519643275 159.1400586072078 4 4 1 -1 -1
5 82 58.696814292665906 172.22102003020066 4 4 1 -1 -1
5 83 34.13843019989263 169.4228842478927 4 4 1 -1 -1
5 87 38.669987386325275 175.06035717625235 4 4 1 -1 -1
5 88 32.73580535647301 178.37810440203344 4 4 1 -1 -1
5 89 15.51588804802894 42.56086187152348 4 4 1 -1 -1
5 90 20.176918296931095 37.61930665393739 4 4 1 -1 -1
5 91 20.867441296768455 112.16701884471196 4 4 1 -1 -1
5 92 25.183210045751935 113.42578472983215 4 4 1 -1 -1
5 93 8.001055713861492 98.70721505881976 4 4 1 -1 -1
5 94 26.654170973348716 81.50341604064364 4 4 1 -1 -1
5 95 36.72789144928271 60.88130021095833 4 4 1 -1 -1
5 96 102.11178799638243 19.88149709561531 4 4 1 -1 -1
5 97 106.92553006255625 29.224029829793 4 4 1 -1 -1
5 99 150.37133068590833 167.26499987340097 4 4 1 -1 -1
5 100 149.1785660261618 174.06233565304998 4 4 1 -1 -1
5 106 79.72766496059225 239.51640660000808 4 4 1 -1 -1
5 109 149.1667242206791 158.40983251815015 4 4 1 -1 -1
5 111 138.41595456284043 159.60686552061546 4 4 1 -1 -1
5 113 140.96842350866777 164.0336111802871 4 4 1 -1 -1
5 115 171.13102302611696 166.28860035163095 4 4 1 -1 -1
5 118 192.23975624659147 236.1932646632908 4 4 1 -1 -1
5 119 198.767356479429 234.41301005433513 4 4 1 -1 -1
5 120 199.93569495072538 228.6846003873895 4 4 1 -1 -1
5 121 266.77308254153627 70.7007962147704 4 4 1 -1 -1
5 122 162.97576143651997 171.85994953737227 4 4 1 -1 -1
5 126 231.12103859251596 162.2533565713314 4 4 1 -1 -1
5 127 238.1165914654218 159.7117007603916 4 4 1 -1 -1
5 128 237.0852175864751 166.35641957482926 4 4 1 -1 -1
5 129 176.65263811484618 172.73707815740377 4 4 1 -1 -1
5 132 180.66536243513502 163.69581928012627 4 4 1 -1 -1
5 133 224.412152359206 147.92915410234946 4 4 1 -1 -1
5 136 251.81894382630838 74.54614617011471 4 4 1 -1 -1
5 140 268.03904137457124 113.39525785888097 4 4 1 -1 -1
5 141 264.5418300983116 12.688232690934544 4 4 1 -1 -1
5 148 136.47670418761038 238.49390138871047 4 4 1 -1 -1
5 153 153.3454317423597 204.9116479630695 4 4 1 -1 -1
5 155 266.7519832276522 176.32396151767003 4 4 1 -1 -1
5 156 261.07626779287796 203.4365798585062 4 4 1 -1 -1
5 158 264.87414429198344 160.26964429278078 4 4 1 -1 -1
5 159 183.742007579843 200.99169686220708 4 4 1 -1 -1
5 160 190.81555255942692 198.2144996722362 4 4 1 -1 -1
5 161 193.66395993375602 205.81025267044714 4 4 1 -1 -1
5 162 174.97585129512896 124.66585632949784 4 4 1 -1 -1
5 163 185.1865570339671 121.36853786622916 4 4 1 -1 -1
5 164 196.03763274569695 122.96776731787857 4 4 1 -1 -1
5 169 108.32685966798246 35.212549763944054 4 4 1 -1 -1
5 170 267.4359942045153 149.40898470465288 4 4 1 -1 -1
5 171 242.872946430079 130.49761163937893 4 4 1 -1 -1
5 173 247.42689201303864 129.55204298611525 4 4 1 -1 -1
5 174 13.624987426712476 78.65399566626081 4 4 1 -1 -1
6 1 69.81066094201294 98.34848521181122 4 4 1 -1 -1
6 2 64.87227732155097 114.77522775532692 4 4 1 -1 -1
6 4 59.398564323518805 30.027279649577537 4 4 1 -1 -1
6 6 33.97451307724601 115.7941246361595 4 4 1 -1 -1
6 38 64.77139713278159 67.93038916763133 4 4 1 -1 -1
6 43 83.76977081320261 88.44336881242099 4 4 1 -1 -1
6 44 79.20224888719508 85.00464928079721 4 4 1 -1 -1
6 45 45.30307820044727 150.89629357805558 4 4 1 -1 -1
6 47 35.547069526234154 156.63010063027656 4 4 1 -1 -1
6 50 34.24632441861721 148.61728240383488 4 4 1 -1 -1
6 51 25.7650681538738 170.92055876018875 4 4 1 -1 -1
6 53 70.20835675758849 148.03576023009362 4 4 1 -1 -1
6 54 66.57736060227954 152.53109578595445 4 4 1 -1 -1
6 55 113.95626119336943 176.9939757103951 4 4 1 -1 -1
6 56 115.05879783064408 183.37257916499397 4 4 1 -1 -1
6 57 75.57579772644785 227.94202100906352 4 4 1 -1 -1
6 58 68.12700613934588 225.2600790007666 4 4 1 -1 -1
6 59 87.29688420150873 226.51433941301698 4 4 1 -1 -1
6 62 59.81448773791546 215.418466342027 4 4 1 -1 -1
6 63 8.216231565087119 221.8364334016989 4 4 1 -1 -1
6 64 20.882854756586262 213.48482804703832 4 4 1 -1 -1
6 66 26.80162332662075 209.55953361343907 4 4 1 -1 -1
6 67 70.46710527406825 211.43315821936793 4 4 1 -1 -1
6 68 69.25233960705032 216.01847388890639 4 4 1 -1 -1
6 69 41.71437923761037 205.3072870018865 4 4 1 -1 -1
6 70 40.96145507923795 200.95882303510766 4 4 1 -1 -1
6 71 41.868280298518414 189.47322656087843 4 4 1 -1 -1
6 72 38.30184282683093 184.57105470921144 4 4 1 -1 -1
6 73 46.387585760480526 195.79057139312445 4 4 1 -1 -1
6 75 53.19331989964559 194.76261218835288 4 4 1 -1 -1
6 76 48.39864704978477 190.64593396201587 4 4 1 -1 -1
6 77 47.37454120996759 184.4347048723617 4 4 1 -1 -1
6 81 43.2426758753207 160.1683411712763 4 4 1 -1 -1
6 82 59.16781405517516 167.16856694531012 4 4 1 -1 -1
6 83 34.43513930138524 169.80950519832248 4 4 1 -1 -1
6 87 39.04042420394636 175.58319457782193 4 4 1 -1 -1
6 88 33.03251445796562 178.78270772225065 4 4 1 -1 -1
6 89 15.499703915220252 42.78204501990888 4 4 1 -1 -1
6 90 20.11757647663258 37.92141046636623 4 4 1 -1 -1
6 91 20.894414851449604 112.52666624046059 4 4 1 -1 -1
6 92 25.210183600433083 113.66854672196247 4 4 1 -1 -1
6 93 8.432632588759835 99.28265089201754 4 4 1 -1 -1
6 94 26.7252021037553 81.74975804609626 4 4 1 -1 -1
6 95 36.61999723055812 61.04314153904521 4 4 1 -1 -1
6 96 102.90301226702941 16.50081157557825 4 4 1 -1 -1
6 97 108.34060423890563 27.588325808743974 4 4 1 -1 -1
6 99 152.44572548638703 166.72552877977802 4 4 1 -1 -1
6 100 152.6974391417192 172.51045714039466 4 4 1 -1 -1
6 106 80.87494015303038 239.6746514541375 4 4 1 -1 -1
6 109 148.76046098940463 157.6520831204921 4 4 1 -1 -1
6 111 138.96467373235404 159.68701551166802 4 4 1 -1 -1
6 113 140.96842350866777 164.0336111802871 4 4 1 -1 -1
6 115 171.46588044065862 166.4567355091434 4 4 1 -1 -1
6 118 192.23975624659147 236.1932646632908 4 4 1 -1 -1
6 119 198.73768556927973 234.68004824567848 4 4 1 -1 -1
6 120 199.8420577366091 228.82505620856395 4 4 1 -1 -1
6 121 266.060980697954 67.38952264211284 4 4 1 -1 -1
6 122 164.22759126472215 172.5528359343817 4 4 1 -1 -1
6 126 227.92049294388795 162.52039476267475 4 4 1 -1 -1
6 127 235.67816433748482 159.55756418612904 4 4 1 -1 -1
6 128 234.6140546411866 166.91451526573204 4 4 1 -1 -1
6 129 177.56254602609022 172.65795573033907 4 4 1 -1 -1
6 132 180.73976794827857 165.58334564116004 4 4 1 -1 -1
6 133 224.48062369031967 148.0250139659086 4 4 1 -1 -1
6 136 252.11565292780105 73.57689643857216 4 4 1 -1 -1
6 140 267.40606195805367 112.84140086942809 4 4 1 -1 -1
6 141 264.6249086467296 11.833710478635817 4 4 1 -1 -1
6 148 136.7120426886233 238.81850621769385 4 4 1 -1 -1
6 153 153.87488408710107 204.72039261583032 4 4 1 -1 -1
6 155 266.9840756803753 175.95472352470145 4 4 1 -1 -1
6 156 262.5004714800425 200.58817248417714 4 4 1 -1 -1
6 158 262.8565224018337 160.51548897687468 4 4 1 -1 -1
6 159 183.7538759439027 201.09257795671456 4 4 1 -1 -1
6 160 190.81555255942692 198.2144996722362 4 4 1 -1 -1
6 161 193.66395993375602 205.81025267044714 4 4 1 -1 -1
6 162 176.96836703053705 125.61239096865505 4 4 1 -1 -1
6 163 187.39633338984544 120.69091079443936 4 4 1 -1 -1
6 164 196.6310509486822 122.86897296870026 4 4 1 -1 -1
6 169 109.55682349090594 33.824085448375804 4 4 1 -1 -1
6 170 267.1316732586373 148.64818233995797 4 4 1 -1 -1
6 171 242.74252316755988 131.01930468945545 4 4 1 -1 -1
6 173 247.21767136274752 129.68518339993685 4 4 1 -1 -1
6 174 14.09643572596316 78.99578212026304 4 4 1 -1 -1
7 1 69.81066094201294 95.02534327509395 4 4 1 -1 -1
7 2 65.90442384957308 119.61520036837534 4 4 1 -1 -1
7 4 59.49428930121271 30.64207041441705 4 4 1 -1 -1
7 6 33.499778514857816 119.11726657287677 4 4 1 -1 -1
7 38 64.07907589596549 69.72862614637445 4 4 1 -1 -1
7 43 83.76977081320261 88.56107159648417 4 4 1 -1 -1
7 44 79.23821362676995 84.77986965845432 4 4 1 -1 -1
7 45 39.39793503308158 153.96421400988305 4 4 1 -1 -1
7 47 31.554315157544224 159.2503456847293 4 4 1 -1 -1
7 50 35.2173723871385 145.29054399316013 4 4 1 -1 -1
7 51 28.841104305239377 167.39064292464303 4 4 1 -1 -1
7 53 70.63993363248687 141.56210710661838 4 4 1 -1 -1
7 54 66.06089113330779 146.8083745682948 4 4 1 -1 -1
7 55 116.90100269155977 175.73679787871066 4 4 1 -1 -1
7 56 116.72628088481399 181.2412713318244 4 4 1 -1 -1
7 57 75.81065897309114 224.97615516658442 4 4 1 -1 -1
7 58 65.27254116752195 222.61649459084148 4 4 1 -1 -1
7 59 83.20974843982259 224.10983968144046 4 4 1 -1 -1
7 62 57.91187756390263 213.74804251469607 4 4 1 -1 -1
7 63 8.471462650993118 223.1611609905009 4 4 1 -1 -1
7 64 21.900143104560925 214.11164207962878 4 4 1 -1 -1
7 66 28.09635395131579 210.42268736323578 4 4 1 -1 -1
7 67 66.86370244542616 209.8896295623342 4 4 1 -1 -1
7 68 66.80910143170796 215.18376497859163 4 4 1 -1 -1
7 69 38.23785002197901 205.18584762150383 4 4 1 -1 -1
7 70 37.64653365442349 201.01328392646388 4 4 1 -1 -1
7 71 43.89234781731926 186.66961163492894 4 4 1 -1 -1
7 72 41.944862558662045 180.1336759179942 4 4 1 -1 -1
7 73 47.43191053855519 196.7284211404997 4 4 1 -1 -1
7 75 54.168221233121336 195.00922754543762 4 4 1 -1 -1
7 76 49.14244529022315 191.38449557828537 4 4 1 -1 -1
7 77 48.85880529364595 185.09055836625222 4 4 1 -1 -1
7 81 37.81941830131226 163.16269616543727 4 4 1 -1 -1
7 82 59.638813817684415 162.11611386041957 4 4 1 -1 -1
7 83 34.73184840287785 170.19612614875226 4 4 1 -1 -1
7 87 39.41086102156744 176.10603197939147 4 4 1 -1 -1
7 88 33.329223559458235 179.18731104246785 4 4 1 -1 -1
7 89 15.483519782411562 43.003228168294285 4 4 1 -1 -1
7 90 20.058234656334058 38.22351427879508 4 4 1 -1 -1
7 91 20.921388406130752 112.8863136362092 4 4 1 -1 -1
7 92 25.237157155114232 113.91130871409278 4 4 1 -1 -1
7 93 8.864209463658181 99.85808672521534 4 4 1 -1 -1
7 94 26.796233234161882 81.9961000515489 4 4 1 -1 -1
7 95 36.51210301183353 61.20498286713209 4 4 1 -1 -1
7 96 107.53970499116991 10.760272120273251 4 4 1 -1 -1
7 97 109.75567841525502 25.952621787694948 4 4 1 -1 -1
7 99 156.10126101944783 166.28021991340563 4 4 1 -1 -1
7 100 156.2163122572766 170.95857862773937 4 4 1 -1 -1
7 106 83.36010365765338 239.09921562093967 4 4 1 -1 -1
7 109 148.49661812684658 158.38758970998234 4 4 1 -1 -1
7 111 139.51339290186766 159.76716550272056 4 4 1 -1 -1
7 113 140.96842350866777 164.0336111802871 4 4 1 -1 -1
7 115 171.8007378552003 166.6248706666559 4 4 1 -1 -1
7 118 192.23975624659147 236.1932646632908 4 4 1 -1 -1
7 119 198.70801465913047 234.94708643702182 4 4 1 -1 -1
7 120 199.74842052249278 228.9655120297384 4 4 1 -1 -1
7 121 265.34887885437166 62.10018839283784 4 4 1 -1 -1
7 122 165.47942109292433 173.24572233139114 4 4 1 -1 -1
7 126 224.71994729525994 162.7874329540181 4 4 1 -1 -1
7 127 231.64290277242392 159.71991732012526 4 4 1 -1 -1
7 128 232.14289169589816 167.4726109566348 4 4 1 -1 -1
7 129 180.37139218688694 172.57883330327437 4 4 1 -1 -1
7 132 181.4399599300247 165.55035490889617 4 4 1 -1 -1
7 133 223.9923608528145 148.4013987981517 4 4 1 -1 -1
7 136 251.13921024834355 73.44922161308139 4 4 1 -1 -1
7 140 266.7730825415361 112.2875438799752 4 4 1 -1 -1
7 141 263.9167629245005 9.396739725043147 4 4 1 -1 -1
7 148 136.94738118963627 239.1431110466772 4 4 1 -1 -1
7 153 154.4043364318424 204.52913726859114 4 4 1 -1 -1
7 155 265.8631746302922 179.38336203083833 4 4 1 -1 -1
7 156 263.92467516720706 197.73976510984804 4 4 1 -1 -1
7 158 260.8389005116839 160.76133366096855 4 4 1 -1 -1
7 159 183.96426967041563 201.22798520121393 4 4 1 -1 -1
7 160 190.81555255942692 198.2144996722362 4 4 1 -1 -1
7 161 193.66395993375602 205.81025267044714 4 4 1 -1 -1
7 162 182.75875926505063 124.53051429579003 4 4 1 -1 -1
7 163 190.9008403704188 119.64644337898596 4 4 1 -1 -1
7 164 197.22446915166742 119.4901943702945 4 4 1 -1 -1
7 169 110.78678731382941 32.43562113280756 4 4 1 -1 -1
7 170 266.82735231275933 147.88737997526303 4 4 1 -1 -1
7 171 242.61209990504074 131.54099773953197 4 4 1 -1 -1
7 173 247.0084507124564 129.81832381375847 4 4 1 -1 -1
7 174 14.567884025213843 79.33756857426526 4 4 1 -1 -1
8 1 69.88101853569174 88.32698912354938 4 4 1 -1 -1
8 2 67.31635802750574 125.45211556243893 4 4 1 -1 -1
8 4 59.21619818073493 30.778058386388153 4 4 1 -1 -1
8 6 32.514289320138 126.32629718164885 4 4 1 -1 -1
8 38 61.34395745129721 74.17386795782743 4 4 1 -1 -1
8 43 83.76977081320261 88.67877438054735 4 4 1 -1 -1
8 44 79.04400403306569 85.13052586930922 4 4 1 -1 -1
8 45 33.492791865715894 157.03213444171053 4 4 1 -1 -1
8 47 26.374724382883848 162.67979737961647 4 4 1 -1 -1
8 50 36.18842035565979 141.96380558248535 4 4 1 -1 -1
8 51 31.917140456604955 163.86072708909728 4 4 1 -1 -1
8 53 72.90238647533482 135.2850704478805 4 4 1 -1 -1
8 54 65.54442166433603 141.08565335063514 4 4 1 -1 -1
8 55 119.84574418975009 174.47962004702626 4 4 1 -1 -1
8 56 118.52323700145335 181.00890174820762 4 4 1 -1 -1
8 57 73.11079747042568 221.7513431991663 4 4 1 -1 -1
8 58 61.1665032584928 219.84343711844681 4 4 1 -1 -1
8 59 79.12261267813645 221.70533994986397 4 4 1 -1 -1
8 62 56.09558276486948 213.02708781214153 4 4 1 -1 -1
8 63 8.726693736899117 224.4858885793029 4 4 1 -1 -1
8 64 22.917431452535585 214.73845611221924 4 4 1 -1 -1
8 66 29.391084576010837 211.28584111303246 4 4 1 -1 -1
8 67 63.260299616784074 208.34610090530046 4 4 1 -1 -1
8 68 64.3658632563656 214.34905606827687 4 4 1 -1 -1
8 69 34.76132080634764 205.06440824112119 4 4 1 -1 -1
8 70 34.33161222960904 201.06774481782008 4 4 1 -1 -1
8 71 45.91641533612011 183.86599670897945 4 4 1 -1 -1
8 72 45.58788229049316 175.69629712677693 4 4 1 -1 -1
8 73 48.864654504038356 196.02627876326125 4 4 1 -1 -1
8 75 55.70417250396494 195.47163133997157 4 4 1 -1 -1
8 76 52.000970217663415 190.48306506994115 4 4 1 -1 -1
8 77 50.34306937732431 185.74641186014276 4 4 1 -1 -1
8 81 29.968540806000632 169.23203639324893 4 4 1 -1 -1
8 82 60.10981358019367 156.4162954631815 4 4 1 -1 -1
8 83 35.02855750437047 170.58274709918203 4 4 1 -1 -1
8 87 39.78129783918852 176.62886938096105 4 4 1 -1 -1
8 88 33.625932660950845 179.59191436268506 4 4 1 -1 -1
8 89 15.467335649602873 43.22441131667969 4 4 1 -1 -1
8 90 19.998892836035537 38.52561809122392 4 4 1 -1 -1
8 91 20.9483619608119 113.24596103195782 4 4 1 -1 -1
8 92 25.26413070979538 114.15407070622311 4 4 1 -1 -1
8 93 8.864209463658181 100.2896636001137 4 4 1 -1 -1
8 94 26.867264364568467 82.24244205700151 4 4 1 -1 -1
8 95 36.40420879310894 61.36682419521897 4 4 1 -1 -1
8 96 112.17639771531042 5.019732664968252 4 4 1 -1 -1
8 97 112.77671653954344 25.089468037898254 4 4 1 -1 -1
8 99 159.75679655250863 165.83491104703324 4 4 1 -1 -1
8 100 159.735185372834 169.40670011508405 4 4 1 -1 -1
8 106 87.50683813063499 234.9632705698305 4 4 1 -1 -1
8 109 148.23277526428853 159.12309629947254 4 4 1 -1 -1
8 111 140.06211207138128 159.84731549377312 4 4 1 -1 -1
8 113 140.96842350866777 164.0336111802871 4 4 1 -1 -1
8 115 174.08200697553352 167.69500149270596 4 4 1 -1 -1
8 118 192.23975624659147 236.1932646632908 4 4 1 -1 -1
8 119 198.6783437489812 235.2141246283652 4 4 1 -1 -1
8 120 199.6547833083765 229.10596785091286 4 4 1 -1 -1
8 121 264.6367770107894 56.81085414356284 4 4 1 -1 -1
8 122 169.0574502768286 173.46387416601237 4 4 1 -1 -1
8 126 221.28203436543782 162.48478967049562 4 4 1 -1 -1
8 127 227.60764120736306 159.88227045412145 4 4 1 -1 -1
8 128 225.4940646015937 167.17618443523887 4 4 1 -1 -1
8 129 182.84001191130548 172.3889394783191 4 4 1 -1 -1
8 132 182.14015191177083 165.5173641766323 4 4 1 -1 -1
8 133 223.5040980153093 148.77778363039477 4 4 1 -1 -1
8 136 250.16276756888607 73.32154678759063 4 4 1 -1 -1
8 140 266.85220496860086 109.9138710680343 4 4 1 -1 -1
8 141 263.2086172022715 6.959768971450478 4 4 1 -1 -1
8 148 137.1827196906492 239.4677158756606 4 4 1 -1 -1
8 153 154.93378877658378 204.33788192135196 4 4 1 -1 -1
8 155 265.69174270498536 178.69763432961096 4 4 1 -1 -1
8 156 265.3488788543716 194.89135773551894 4 4 1 -1 -1
8 158 258.82127862153413 161.00717834506244 4 4 1 -1 -1
8 159 184.1746633969286 201.3633924457133 4 4 1 -1 -1
8 160 190.81555255942692 198.2144996722362 4 4 1 -1 -1
8 161 193.66395993375602 205.81025267044714 4 4 1 -1 -1
8 162 188.54915149956418 123.44863762292499 4 4 1 -1 -1
8 163 194.40534735099214 118.60197596353257 4 4 1 -1 -1
8 164 197.81788735465264 116.11141577188876 4 4 1 -1 -1
8 169 113.57893199225981 29.890737222903027 4 4 1 -1 -1
8 170 268.7547183033198 147.58305902938505 4 4 1 -1 -1
8 171 242.48167664252162 132.0626907896085 4 4 1 -1 -1
8 173 246.79923006216532 129.9514642275801 4 4 1 -1 -1
8 174 14.322774311057957 78.96843920394286 4 4 1 -1 -1
9 1 69.69932115033608 86.12891792510787 4 4 1 -1 -1
9 2 67.14584366414446 129.33734422224 4 4 1 -1 -1
9 4 58.938107060257146 30.914046358359258 4 4 1 -1 -1
9 6 31.10809566794518 130.31753487547374 4 4 1 -1 -1
9 38 61.060435420982046 74.62102955320822 4 4 1 -1 -1
9 43 83.76977081320261 88.79647716461054 4 4 1 -1 -1
9 44 78.84979443936145 85.48118208016413 4 4 1 -1 -1
9 45 29.601674114542476 158.9491832071424 4 4 1 -1 -1
9 47 23.31191542320109 165.24609532470694 4 4 1 -1 -1
9 50 37.5430922129796 138.8408673627348 4 4 1 -1 -1
9 51 32.64348028907957 162.3208601766939 4 4 1 -1 -1
9 53 73.19876688809029 131.5974950385327 4 4 1 -1 -1
9 54 65.02795219536428 135.36293213297552 4 4 1 -1 -1
9 55 122.07632871638246 173.76191330896478 4 4 1 -1 -1
9 56 120.32019311809272 180.7765321645908 4 4 1 -1 -1
9 57 71.17818374535727 220.92418053673904 4 4 1 -1 -1
9 58 58.78677284905707 219.6598408954423 4 4 1 -1 -1
9 59 75.41910080524885 220.06808799588453 4 4 1 -1 -1
9 62 54.279287965836325 212.30613310958697 4 4 1 -1 -1
9 63 8.981924822805116 225.81061616810487 4 4 1 -1 -1
9 64 23.384973067008794 214.8463503309438 4 4 1 -1 -1
9 66 29.44503168537313 211.77136509729309 4 4 1 -1 -1
9 67 59.65689678814199 206.80257224826673 4 4 1 -1 -1
9 68 61.92262508102324 213.5143471579621 4 4 1 -1 -1
9 69 31.554527137527728 205.14077492840025 4 4 1 -1 -1
9 70 31.016690804794585 201.1222057091763 4 4 1 -1 -1
9 71 47.79662389662151 181.51793515097822 4 4 1 -1 -1
9 72 46.329746363285395 176.62965277873909 4 4 1 -1 -1
9 73 50.29739846952153 195.32413638602276 4 4 1 -1 -1
9 75 57.24012377480854 195.9340351345055 4 4 1 -1 -1
9 76 54.85949514510368 189.58163456159693 4 4 1 -1 -1
9 77 51.70745099575312 185.37127615288725 4 4 1 -1 -1
9 81 28.71462411270658 170.61568483645 4 4 1 -1 -1
9 82 60.580813342702925 150.71647706594345 4 4 1 -1 -1
9 83 35.32526660586308 170.96936804961177 4 4 1 -1 -1
9 87 40.1517346568096 177.1517067825306 4 4 1 -1 -1
9 88 33.92264176244346 179.99651768290227 4 4 1 -1 -1
9 89 15.451151516794186 43.44559446506509 4 4 1 -1 -1
9 90 19.939551015737017 38.827721903652765 4 4 1 -1 -1
9 91 20.97533551549305 113.60560842770644 4 4 1 -1 -1
9 92 25.29110426447653 114.39683269835342 4 4 1 -1 -1
9 93 8.864209463658181 100.72124047501204 4 4 1 -1 -1
9 94 26.774403335928177 82.4787087248078 4 4 1 -1 -1
9 95 36.296314574384354 61.52866552330585 4 4 1 -1 -1
9 97 113.82153833283367 23.95934525971893 4 4 1 -1 -1
9 99 163.0526846898208 163.95101259766636 4 4 1 -1 -1
9 100 163.2540584883914 167.85482160242876 4 4 1 -1 -1
9 106 88.56779794809344 232.5943930564996 4 4 1 -1 -1
9 107 77.35399214865133 240.94061028717263 4 4 1 -1 -1
9 109 147.96893240173048 159.85860288896276 4 4 1 -1 -1
9 111 140.05132264950882 160.30047121241637 4 4 1 -1 -1
9 113 140.96842350866777 164.0336111802871 4 4 1 -1 -1
9 115 176.36327609586672 168.76513231875597 4 4 1 -1 -1
9 118 192.23975624659147 236.1932646632908 4 4 1 -1 -1
9 119 198.64867283883194 235.48116281970854 4 4 1 -1 -1
9 120 199.56114609426018 229.2464236720873 4 4 1 -1 -1
9 121 263.92467516720706 51.52151989428785 4 4 1 -1 -1
9 122 172.63547946073285 173.6820260006336 4 4 1 -1 -1
9 126 217.84412143561573 162.18214638697316 4 4 1 -1 -1
9 127 223.57237964230217 160.04462358811767 4 4 1 -1 -1
9 128 221.5881483121987 167.0380027679723 4 4 1 -1 -1
9 129 185.30863163572403 172.1990456533638 4 4 1 -1 -1
9 132 182.62935075467777 166.09097871853112 4 4 1 -1 -1
9 133 223.01583517780412 149.15416846263787 4 4 1 -1 -1
9 136 249.79293016359125 73.58948409742337 4 4 1 -1 -1
9 140 266.9313273956657 107.54019825609338 4 4 1 -1 -1
9 141 262.50047148004245 4.522798217857808 4 4 1 -1 -1
9 148 137.41805819166214 239.79232070464397 4 4 1 -1 -1
9 153 155.46324112132515 204.1466265741128 4 4 1 -1 -1
9 154 156.6346640674778 239.51640660000808 4 4 1 -1 -1
9 155 265.5203107796785 178.0119066283836 4 4 1 -1 -1
9 156 266.77308254153616 192.04295036118984 4 4 1 -1 -1
9 158 257.01464987022354 161.1324555212482 4 4 1 -1 -1
9 159 184.38505712344153 201.49879969021262 4 4 1 -1 -1
9 160 190.81555255942692 198.2144996722362 4 4 1 -1 -1
9 161 193.66395993375602 205.81025267044714 4 4 1 -1 -1
9 162 191.63492615508738 122.97390306053681 4 4 1 -1 -1
9 163 194.90320210310702 116.58166528094792 4 4 1 -1 -1
9 164 198.41130555763786 112.732637173483 4 4 1 -1 -1
9 169 115.01853913345477 28.698390850233917 4 4 1 -1 -1
9 170 270.68208429388034 147.2787380835071 4 4 1 -1 -1
9 171 242.2449825735054 132.09650422803938 4 4 1 -1 -1
9 173 246.5900094118742 130.0846046414017 4 4 1 -1 -1
9 174 14.077664596902071 78.59930983362045 4 4 1 -1 -1
10 1 69.51762376498041 83.93084672666636 4 4 1 -1 -1
10 2 69.34900211272412 134.350067467713 4 4 1 -1 -1
10 4 58.66001593977936 31.050034330330366 4 4 1 -1 -1
10 6 29.70190201575236 134.3087725692986 4 4 1 -1 -1
10 38 60.77691339066689 75.068191148589 4 4 1 -1 -1
10 43 83.76977081320261 88.91417994867373 4 4 1 -1 -1
10 44 78.65558484565719 85.83183829101904 4 4 1 -1 -1
10 45 24.20003730122489 162.5925394721677 4 4 1 -1 -1
10 47 20.249106463518334 167.8123932697974 4 4 1 -1 -1
10 50 38.89776407029941 135.71792914298425 4 4 1 -1 -1
10 51 34.610603636886886 159.7020510770447 4 4 1 -1 -1
10 53 73.2254117540343 126.50729478576527 4 4 1 -1 -1
10 54 65.15884803874005 131.25862419618468 4 4 1 -1 -1
10 55 124.30691324301482 173.04420657090333 4 4 1 -1 -1
10 56 122.22504345345668 180.11258570607566 4 4 1 -1 -1
10 57 68.59820470794133 220.52859474921013 4 4 1 -1 -1
10 58 55.813624236636116 216.6170478762362 4 4 1 -1 -1
10 59 71.71558893236124 218.43083604190508 4 4 1 -1 -1
10 62 51.006421214021266 210.72202465723572 4 4 1 -1 -1
10 63 7.120374093733542 225.6145490548841 4 4 1 -1 -1
10 64 23.852514681482006 214.9542445496684 4 4 1 -1 -1
10 66 29.498978794735425 212.25688908155374 4 4 1 -1 -1
10 67 56.05349395949991 205.259043591233 4 4 1 -1 -1
10 68 59.47938690568088 212.67963824764735 4 4 1 -1 -1
10 69 26.8071815136459 205.57235180329857 4 4 1 -1 -1
10 70 28.595750049412423 200.9711538029619 4 4 1 -1 -1
10 71 49.67683245712291 179.16987359297698 4 4 1 -1 -1
10 72 47.790905227574875 172.5639096297954 4 4 1 -1 -1
10 73 52.5393490754391 194.89172955559576 4 4 1 -1 -1
10 75 58.074762623942306 196.126703382228 4 4 1 -1 -1
10 76 57.718020072543936 188.68020405325268 4 4 1 -1 -1
10 77 53.07183261418193 184.99614044563174 4 4 1 -1 -1
10 81 25.806329398968856 172.50283963369912 4 4 1 -1 -1
10 82 61.051813105212176 146.36533640276272 4 4 1 -1 -1
10 83 35.62197570735569 171.35598900004155 4 4 1 -1 -1
10 87 40.522171474430685 177.67454418410017 4 4 1 -1 -1
10 88 34.21935086393607 180.40112100311944 4 4 1 -1 -1
10 89 15.434967383985498 43.66677761345049 4 4 1 -1 -1
10 90 19.880209195438496 39.129825716081605 4 4 1 -1 -1
10 91 21.0023090701742 113.96525582345507 4 4 1 -1 -1
10 92 25.31807781915768 114.63959469048375 4 4 1 -1 -1
10 93 8.864209463658181 101.15281734991038 4 4 1 -1 -1
10 94 26.68154230728789 82.7149753926141 4 4 1 -1 -1
10 95 36.29631457438437 61.582612632668145 4 4 1 -1 -1
10 97 114.8663601261239 22.829222481539603 4 4 1 -1 -1
10 99 166.34857282713295 162.06711414829948 4 4 1 -1 -1
10 100 166.7729316039488 166.30294308977344 4 4 1 -1 -1
10 106 89.62875776555188 230.22551554316865 4 4 1 -1 -1
10 107 77.29465032835282 237.85483563164945 4 4 1 -1 -1
10 108 83.05080689730953 240.46587572478444 4 4 1 -1 -1
10 109 147.70508953917243 160.594109478453 4 4 1 -1 -1
10 111 140.0405332276364 160.75362693105964 4 4 1 -1 -1
10 113 140.96842350866777 164.0336111802871 4 4 1 -1 -1
10 115 178.16981065381174 169.044038874159 4 4 1 -1 -1
10 118 192.23975624659147 236.1932646632908 4 4 1 -1 -1
10 119 198.61900192868268 235.7482010110519 4 4 1 -1 -1
10 120 199.4675088801439 229.38687949326174 4 4 1 -1 -1
10 122 176.2135086446371 173.90017783525482 4 4 1 -1 -1
10 126 213.8721321231069 161.8795031034507 4 4 1 -1 -1
10 127 219.83382717873388 160.24653793564624 4 4 1 -1 -1
10 128 217.6822320228037 166.89982110070576 4 4 1 -1 -1
10 129 187.59922589924702 172.00915182840853 4 4 1 -1 -1
10 132 183.11854959758472 166.6645932604299 4 4 1 -1 -1
10 133 222.52757234029892 149.53055329488095 4 4 1 -1 -1
10 136 249.4230927582964 73.85742140725608 4 4 1 -1 -1
10 148 137.6533966926751 240.11692553362732 4 4 1 -1 -1
10 153 155.99269346606653 203.9553712268736 4 4 1 -1 -1
10 154 156.75334770807484 237.53834592339066 4 4 1 -1 -1
10 158 255.20802111891297 161.257732697434 4 4 1 -1 -1
10 159 184.5954508499545 201.63420693471198 4 4 1 -1 -1
10 160 190.81555255942692 198.2144996722362 4 4 1 -1 -1
10 161 193.66395993375602 205.81025267044714 4 4 1 -1 -1
10 162 194.72070081061057 122.49916849814863 4 4 1 -1 -1
10 163 195.40105685522187 114.56135459836325 4 4 1 -1 -1
10 164 203.7520693845049 121.87498265806556 4 4 1 -1 -1
10 169 116.45814627464974 27.50604447756481 4 4 1 -1 -1
10 171 242.00828850448923 132.13031766647026 4 4 1 -1 -1
10 173 246.3807887615831 130.2177450552233 4 4 1 -1 -1
10 174 15.736793697901435 79.39388196144847 4 4 1 -1 -1
11 1 69.33592637962475 81.73277552822485 4 4 1 -1 -1
11 2 69.78886075814764 138.48114081160796 4 4 1 -1 -1
11 4 58.38192481930158 31.186022302301474 4 4 1 -1 -1
11 6 28.27769832858781 135.25824169407497 4 4 1 -1 -1
11 38 60.49339136035174 75.51535274396979 4 4 1 -1 -1
11 43 83.76977081320261 89.03188273273692 4 4 1 -1 -1
11 44 78.46137525195294 86.18249450187395 4 4 1 -1 -1
11 45 22.251015487094026 163.21485761290455 4 4 1 -1 -1
11 47 17.186297503835576 170.37869121488788 4 4 1 -1 -1
11 50 40.25243592761922 132.59499092323372 4 4 1 -1 -1
11 51 36.5777269846942 157.08324197739546 4 4 1 -1 -1
11 53 71.93068112933929 123.05467978657848 4 4 1 -1 -1
11 54 65.2897438821158 127.15431625939384 4 4 1 -1 -1
11 55 126.53749776964719 172.32649983284185 4 4 1 -1 -1
11 56 124.12989378882064 179.4486392475605 4 4 1 -1 -1
11 57 66.0182256705254 220.13300896168118 4 4 1 -1 -1
11 58 52.96378330275752 215.48552387443706 4 4 1 -1 -1
11 59 68.01207705947364 216.79358408792564 4 4 1 -1 -1
11 62 47.7335544622062 209.13791620488448 4 4 1 -1 -1
11 63 6.769342426806142 227.43250735785563 4 4 1 -1 -1
11 64 24.320056295955215 215.06213876839297 4 4 1 -1 -1
11 66 29.55292590409772 212.7424130658144 4 4 1 -1 -1
11 67 52.45009113085783 203.71551493419926 4 4 1 -1 -1
11 68 57.036148730338525 211.8449293373326 4 4 1 -1 -1
11 69 27.885197336387574 205.15793991774277 4 4 1 -1 -1
11 70 26.174809294030258 200.82010189674747 4 4 1 -1 -1
11 71 50.293137312564866 177.90075422222162 4 4 1 -1 -1
11 72 49.25206409186435 168.49816648085172 4 4 1 -1 -1
11 73 54.781299681356664 194.45932272516876 4 4 1 -1 -1
11 75 58.90940147307607 196.31937162995047 4 4 1 -1 -1
11 76 60.5765449999842 187.77877354490846 4 4 1 -1 -1
11 77 54.43621423261074 184.62100473837623 4 4 1 -1 -1
11 81 22.898034685231128 174.38999443094824 4 4 1 -1 -1
11 82 61.522812867721434 142.014195739582 4 4 1 -1 -1
11 83 35.225079117047386 171.8967445486493 4 4 1 -1 -1
11 87 40.737959911879855 177.99822684027393 4 4 1 -1 -1
11 88 34.51605996542869 180.80572432333665 4 4 1 -1 -1
11 89 15.418783251176809 43.8879607618359 4 4 1 -1 -1
11 90 19.820867375139976 39.43192952851045 4 4 1 -1 -1
11 91 21.029282624855345 114.32490321920369 4 4 1 -1 -1
11 92 25.345051373838828 114.88235668261407 4 4 1 -1 -1
11 93 8.864209463658181 101.58439422480873 4 4 1 -1 -1
11 94 26.588681278647602 82.9512420604204 4 4 1 -1 -1
11 95 36.296314574384375 61.636559742030435 4 4 1 -1 -1
11 97 116.65102799066844 22.377291935343393 4 4 1 -1 -1
11 99 169.64446096444513 160.1832156989326 4 4 1 -1 -1
11 100 169.53962788039763 166.77331050521323 4 4 1 -1 -1
11 106 90.21498302062216 226.70371123546644 4 4 1 -1 -1
11 107 77.23530850805429 234.76906097612627 4 4 1 -1 -1
11 108 82.10133777253317 238.5669374752317 4 4 1 -1 -1
11 109 147.44124667661438 161.32961606794322 4 4 1 -1 -1
11 111 140.02974380576393 161.20678264970292 4 4 1 -1 -1
11 113 140.96842350866777 164.0336111802871 4 4 1 -1 -1
11 115 179.97634521175678 169.32294542956208 4 4 1 -1 -1
11 118 192.23975624659147 236.1932646632908 4 4 1 -1 -1
11 119 198.58933101853341 236.01523920239526 4 4 1 -1 -1
11 120 199.37387166602758 229.5273353144362 4 4 1 -1 -1
11 121 260.60153323048985 44.87523602085329 4 4 1 -1 -1
11 122 179.79153782854138 174.11832966987606 4 4 1 -1 -1
11 126 209.90014281059808 161.57685981992825 4 4 1 -1 -1
11 127 216.0952747151656 160.4484522831748 4 4 1 -1 -1
11 128 213.77631573340872 166.7616394334392 4 4 1 -1 -1
11 129 189.88982016277 171.81925800345326 4 4 1 -1 -1
11 132 183.60774844049166 167.23820780232873 4 4 1 -1 -1
11 133 222.03930950279374 149.90693812712402 4 4 1 -1 -1
11 136 249.0532553530016 74.12535871708882 4 4 1 -1 -1
11 140 266.4565928332775 104.2170563193761 4 4 1 -1 -1
11 141 260.1267986681016 4.522798217857808 4 4 1 -1 -1
11 148 137.88873519368803 240.4415303626107 4 4 1 -1 -1
11 153 156.52214581080787 203.76411587963446 4 4 1 -1 -1
11 154 156.87203134867187 235.56028524677322 4 4 1 -1 -1
11 155 263.44994060481883 180.1745863014853 4 4 1 -1 -1
11 158 253.4013923676024 161.38300987361976 4 4 1 -1 -1
11 159 184.80584457646742 201.76961417921135 4 4 1 -1 -1
11 160 190.81555255942692 198.2144996722362 4 4 1 -1 -1
11 161 193.66395993375602 205.81025267044714 4 4 1 -1 -1
11 162 195.31574928338424 120.15871507968866 4 4 1 -1 -1
11 163 195.89891160733674 112.5410439157786 4 4 1 -1 -1
11 164 203.9837850637658 117.45348350298576 4 4 1 -1 -1
11 169 117.89775341584469 26.3136981048957 4 4 1 -1 -1
11 170 268.3489570421492 146.97441713762913 4 4 1 -1 -1
11 171 241.77159443547302 132.16413110490114 4 4 1 -1 -1
11 173 246.171568111292 130.35088546904493 4 4 1 -1 -1
11 174 17.3959227989008 80.1884540892765 4 4 1 -1 -1
12 1 69.81066094201292 75.56122621717849 4 4 1 -1 -1
12 2 71.01994367421811 148.07166162296704 4 4 1 -1 -1
12 4 58.1038336988238 31.32201027427258 4 4 1 -1 -1
12 6 24.479821829482354 144.75293294183862 4 4 1 -1 -1
12 38 60.209869330036575 75.96251433935058 4 4 1 -1 -1
12 40 88.08553956218609 5.423671786520668 4 4 1 -1 -1
12 43 83.76977081320261 89.1495855168001 4 4 1 -1 -1
12 44 78.26716565824869 86.53315071272885 4 4 1 -1 -1
12 45 12.324747364432003 171.41481823597312 4 4 1 -1 -1
12 47 10.850697242840365 178.77127697110603 4 4 1 -1 -1
12 50 41.60710778493903 129.47205270348317 4 4 1 -1 -1
12 51 40.55887574869381 149.86094621216387 4 4 1 -1 -1
12 53 70.63595050464426 110.53895041452638 4 4 1 -1 -1
12 54 65.85221660038991 115.71320144933108 4 4 1 -1 -1
12 55 132.79613312866408 172.18422892797818 4 4 1 -1 -1
12 56 127.61719266547856 178.92855174734478 4 4 1 -1 -1
12 57 61.71193913351611 217.8672567162594 4 4 1 -1 -1
12 58 47.30869268203971 214.71364726838658 4 4 1 -1 -1
12 59 64.30856518658604 215.1563321339462 4 4 1 -1 -1
12 62 44.46068771039114 207.55380775253323 4 4 1 -1 -1
12 63 6.418310759878743 229.25046566082716 4 4 1 -1 -1
12 64 25.938469576824037 216.89634048671095 4 4 1 -1 -1
12 66 29.606873013460014 213.227937050075 4 4 1 -1 -1
12 67 48.84668830221574 202.17198627716553 4 4 1 -1 -1
12 68 54.592910554996166 211.01022042701783 4 4 1 -1 -1
12 69 19.295891161406267 204.82984340716663 4 4 1 -1 -1
12 70 19.481257477154454 199.374319365838 4 4 1 -1 -1
12 71 54.00240977144497 170.51762912373965 4 4 1 -1 -1
12 72 50.71322295615383 164.43242333190804 4 4 1 -1 -1
12 73 61.051301119658795 193.16376214494505 4 4 1 -1 -1
12 75 66.64927032058341 197.80677050236798 4 4 1 -1 -1
12 76 63.435069927424465 186.87734303656424 4 4 1 -1 -1
12 77 59.684787725124664 181.22483090683227 4 4 1 -1 -1
12 81 14.379240597814889 182.85869657039717 4 4 1 -1 -1
12 82 61.993812630230686 135.50517070190952 4 4 1 -1 -1
12 83 34.828182526739084 172.43750009725704 4 4 1 -1 -1
12 87 40.953748349329025 178.3219094964477 4 4 1 -1 -1
12 88 34.8127690669213 181.21032764355385 4 4 1 -1 -1
12 89 15.51768628500768 44.109143910221306 4 4 1 -1 -1
12 90 19.761525554841455 39.73403334093929 4 4 1 -1 -1
12 91 21.056256179536494 114.68455061495231 4 4 1 -1 -1
12 92 25.372024928519977 115.12511867474439 4 4 1 -1 -1
12 93 8.864209463658181 102.01597109970709 4 4 1 -1 -1
12 94 26.495820250007313 83.18750872822669 4 4 1 -1 -1
12 95 36.44017353268385 62.194013205440804 4 4 1 -1 -1
12 97 118.43569585521297 21.925361389147184 4 4 1 -1 -1
12 99 177.91786905891823 158.55826337450475 4 4 1 -1 -1
12 100 172.30632415684647 167.24367792065303 4 4 1 -1 -1
12 106 91.75067740046876 219.38403042865872 4 4 1 -1 -1
12 107 77.17596668775576 231.6832863206031 4 4 1 -1 -1
12 108 83.52554145969772 233.3448572889617 4 4 1 -1 -1
12 109 147.17740381405633 162.06512265743342 4 4 1 -1 -1
12 111 140.01895438389147 161.65993836834616 4 4 1 -1 -1
12 113 140.96842350866777 164.0336111802871 4 4 1 -1 -1
12 115 183.44445073806045 170.31395382854743 4 4 1 -1 -1
12 118 192.23975624659147 236.1932646632908 4 4 1 -1 -1
12 119 198.55966010838415 236.2822773937386 4 4 1 -1 -1
12 120 199.2802344519113 229.66779113561066 4 4 1 -1 -1
12 121 254.35086149237884 34.11458594005449 4 4 1 -1 -1
12 122 183.36956701244566 174.3364815044973 4 4 1 -1 -1
12 126 202.76325641550136 159.85001284924124 4 4 1 -1 -1
12 127 209.1918251690095 159.5426526517976 4 4 1 -1 -1
12 128 206.07252294490826 165.4366213602022 4 4 1 -1 -1
12 129 193.92110782171633 172.10409874088617 4 4 1 -1 -1
12 132 187.89482378250406 167.33708778183936 4 4 1 -1 -1
12 133 221.97830777143793 150.2833229593671 4 4 1 -1 -1
12 136 248.92078522890085 74.15592874572745 4 4 1 -1 -1
12 141 260.6015332304898 5.155777634375385 4 4 1 -1 -1
12 148 138.12407369470097 240.7661351915941 4 4 1 -1 -1
12 153 157.05159815554924 203.57286053239528 4 4 1 -1 -1
12 154 156.99071498926892 233.5822245701558 4 4 1 -1 -1
12 155 262.6587163341719 179.69985173909714 4 4 1 -1 -1
12 158 246.84741799241002 161.9830216121937 4 4 1 -1 -1
12 159 184.38325888646278 201.96831936536245 4 4 1 -1 -1
12 160 190.81555255942692 198.2144996722362 4 4 1 -1 -1
12 161 193.66395993375602 205.81025267044714 4 4 1 -1 -1
12 162 195.84955395443953 115.80144502555017 4 4 1 -1 -1
12 163 195.05168509935177 109.33389682722348 4 4 1 -1 -1
12 164 204.2155007430267 113.03198434790598 4 4 1 -1 -1
12 169 117.81575582764978 26.64295646161645 4 4 1 -1 -1
12 171 241.53490036645684 132.19794454333203 4 4 1 -1 -1
12 173 245.9623474610009 130.48402588286655 4 4 1 -1 -1
12 174 19.055051899900164 80.98302621710454 4 4 1 -1 -1
13 1 70.04802822320701 72.71281884284939 4 4 1 -1 -1
13 2 71.49467823660628 149.97059987251978 4 4 1 -1 -1
13 4 58.1038336988238 31.32201027427258 4 4 1 -1 -1
13 6 23.055618142317805 147.12660575377953 4 4 1 -1 -1
13 38 59.926347299721414 76.40967593473137 4 4 1 -1 -1
13 40 86.53186281255203 6.804717786195381 4 4 1 -1 -1
13 43 83.51082468826361 89.7537931416578 4 4 1 -1 -1
13 44 78.07295606454443 86.88380692358378 4 4 1 -1 -1
13 45 9.735286115041934 173.57270261046483 4 4 1 -1 -1
13 47 7.895782501882179 181.8410812702446 4 4 1 -1 -1
13 50 42.38634380906106 127.99629955626132 4 4 1 -1 -1
13 51 41.74916072168411 148.07651907065144 4 4 1 -1 -1
13 53 71.49910425444094 107.94948916513628 4 4 1 -1 -1
13 54 67.19152769348104 112.38573188735728 4 4 1 -1 -1
13 55 134.4872465616735 171.86213432524022 4 4 1 -1 -1
13 56 131.10449154213646 178.4084642471291 4 4 1 -1 -1
13 57 59.99511384589684 218.19096572022775 4 4 1 -1 -1
13 58 45.10621706050863 213.94177066233607 4 4 1 -1 -1
13 59 60.605053313698434 213.51908017996675 4 4 1 -1 -1
13 62 43.51833608302714 209.0770527994501 4 4 1 -1 -1
13 63 6.067279092951344 231.0684239637987 4 4 1 -1 -1
13 64 25.794610618524583 217.0401994450104 4 4 1 -1 -1
13 66 29.660820122822308 213.71346103433564 4 4 1 -1 -1
13 67 48.235551806202196 202.95897274458287 4 4 1 -1 -1
13 68 52.14967237965381 210.17551151670307 4 4 1 -1 -1
13 69 18.906545609493563 205.47279486511178 4 4 1 -1 -1
13 70 18.0745223777834 198.2522194911023 4 4 1 -1 -1
13 71 54.172751856158634 167.9681650241192 4 4 1 -1 -1
13 72 50.376144841700196 161.67579670348934 4 4 1 -1 -1
13 73 63.35079530889617 192.47240918957905 4 4 1 -1 -1
13 75 69.38284741926991 197.74049262515146 4 4 1 -1 -1
13 76 64.73991810523069 188.04748152773212 4 4 1 -1 -1
13 77 61.56706159343152 182.23074119925147 4 4 1 -1 -1
13 81 11.614804842376612 185.57304037786815 4 4 1 -1 -1
13 82 62.464812392739944 128.99614566423708 4 4 1 -1 -1
13 83 34.43128593643079 172.9782556458648 4 4 1 -1 -1
13 87 41.169536786778195 178.64559215262145 4 4 1 -1 -1
13 88 35.109478168413915 181.61493096377106 4 4 1 -1 -1
13 89 15.616589318838555 44.330327058606706 4 4 1 -1 -1
13 90 19.702183734542935 40.03613715336814 4 4 1 -1 -1
13 91 21.083229734217642 115.04419801070094 4 4 1 -1 -1
13 92 25.398998483201126 115.36788066687471 4 4 1 -1 -1
13 93 8.864209463658181 102.44754797460543 4 4 1 -1 -1
13 94 26.86561872608623 83.57893559578638 4 4 1 -1 -1
13 95 36.584032490983326 62.75146666885117 4 4 1 -1 -1
13 97 118.16705374187576 22.12660584399905 4 4 1 -1 -1
13 99 178.94078565509912 157.36488792497522 4 4 1 -1 -1
13 100 175.07302043329534 167.71404533609285 4 4 1 -1 -1
13 106 90.29554403726983 219.8025229887784 4 4 1 -1 -1
13 107 77.11662486745725 228.59751166507988 4 4 1 -1 -1
13 108 83.52554145969775 231.44591903940895 4 4 1 -1 -1
13 109 146.91356095149828 162.80062924692365 4 4 1 -1 -1
13 111 139.73411364645858 159.6660532063158 4 4 1 -1 -1
13 113 140.96842350866777 164.0336111802871 4 4 1 -1 -1
13 115 186.91255626436413 171.30496222753277 4 4 1 -1 -1
13 118 192.23975624659147 236.1932646632908 4 4 1 -1 -1
13 119 198.5299891982349 236.54931558508196 4 4 1 -1 -1
13 120 199.18659723779498 229.8082469567851 4 4 1 -1 -1
13 121 253.65458413420953 30.569901207556057 4 4 1 -1 -1
13 122 186.9475961963499 174.55463333911854 4 4 1 -1 -1
13 126 200.27876873180887 158.40800661598712 4 4 1 -1 -1
13 127 205.04183608470478 158.73179993289804 4 4 1 -1 -1
13 128 202.4197984221203 164.45974196604985 4 4 1 -1 -1
13 129 197.95239548066263 172.3889394783191 4 4 1 -1 -1
13 132 192.18189912451646 167.43596776134999 4 4 1 -1 -1
13 133 221.9173060400821 150.65970779161017 4 4 1 -1 -1
13 136 248.7883151048001 74.18649877436609 4 4 1 -1 -1
13 141 261.076267792878 5.788757050892961 4 4 1 -1 -1
13 148 138.35941219571393 241.09074002057744 4 4 1 -1 -1
13 153 157.58105050029062 203.3816051851561 4 4 1 -1 -1
13 154 156.1124560488508 232.44286162042417 4 4 1 -1 -1
13 155 265.4280012814363 178.51301533312667 4 4 1 -1 -1
13 158 247.1296213156074 162.01335187590183 4 4 1 -1 -1
13 159 183.96067319645815 202.16702455151358 4 4 1 -1 -1
13 160 190.81555255942692 198.2144996722362 4 4 1 -1 -1
13 161 193.66395993375602 205.81025267044714 4 4 1 -1 -1
13 162 196.38335862549482 111.44417497141167 4 4 1 -1 -1
13 163 194.2044585913668 106.12674973866838 4 4 1 -1 -1
13 164 204.44721642228757 108.61048519282618 4 4 1 -1 -1
13 169 117.73375823945489 26.9722148183372 4 4 1 -1 -1
13 171 241.29820629744063 132.23175798176294 4 4 1 -1 -1
13 173 245.75312681070977 130.61716629668814 4 4 1 -1 -1
13 174 20.714181000899526 81.77759834493256 4 4 1 -1 -1
14 1 70.28539550440111 69.86441146852029 4 4 1 -1 -1
14 2 71.25327727273873 154.36299788850766 4 4 1 -1 -1
14 4 58.1038336988238 31.32201027427258 4 4 1 -1 -1
14 6 21.156679892765062 151.87395137766134 4 4 1 -1 -1
14 38 59.64282526940626 76.85683753011216 4 4 1 -1 -1
14 40 82.71240746970169 9.156811754391375 4 4 1 -1 -1
14 43 83.25187856332461 90.35800076651547 4 4 1 -1 -1
14 44 77.87874647084018 87.23446313443868 4 4 1 -1 -1
14 45 5.851094240956801 178.75162510924503 4 4 1 -1 -1
14 47 4.940867760923992 184.91088556938314 4 4 1 -1 -1
14 50 43.16557983318308 126.52054640903948 4 4 1 -1 -1
14 51 42.93944569467441 146.29209192913902 4 4 1 -1 -1
14 53 71.06752737954258 102.33898979145776 4 4 1 -1 -1
14 54 67.3440023806017 107.76353170068843 4 4 1 -1 -1
14 55 136.1783599946829 171.54003972250223 4 4 1 -1 -1
14 56 134.59179041879437 177.8883767469134 4 4 1 -1 -1
14 57 56.7677694961334 216.35679034970434 4 4 1 -1 -1
14 58 41.71690503300714 213.6014709311839 4 4 1 -1 -1
14 59 56.90154144081083 211.8818282259873 4 4 1 -1 -1
14 62 40.74178273734517 208.01083659697687 4 4 1 -1 -1
14 63 5.716247426023943 232.88638226677026 4 4 1 -1 -1
14 64 25.65075166022513 217.18405840330982 4 4 1 -1 -1
14 66 29.714767232184602 214.1989850185963 4 4 1 -1 -1
14 67 45.466530935696916 203.20648811837728 4 4 1 -1 -1
14 68 49.70643420431145 209.3408026063883 4 4 1 -1 -1
14 69 15.496161933292427 204.67715674006246 4 4 1 -1 -1
14 70 15.804633528615682 198.20906180361246 4 4 1 -1 -1
14 71 54.45098815959689 165.85027779939708 4 4 1 -1 -1
14 72 50.039066727246556 158.91917007507064 4 4 1 -1 -1
14 73 65.65028949813353 191.78105623421305 4 4 1 -1 -1
14 75 71.03748233071052 198.53736849773162 4 4 1 -1 -1
14 76 66.58423737665981 187.05973564440822 4 4 1 -1 -1
14 77 62.04671061831874 182.0498150857002 4 4 1 -1 -1
14 81 8.850369086938336 188.28738418533914 4 4 1 -1 -1
14 82 62.935812155249195 122.4871206265646 4 4 1 -1 -1
14 83 34.03438934612249 173.51901119447257 4 4 1 -1 -1
14 87 41.385325224227365 178.9692748087952 4 4 1 -1 -1
14 88 35.406187269906525 182.01953428398826 4 4 1 -1 -1
14 89 15.715492352669427 44.55151020699211 4 4 1 -1 -1
14 90 19.642841914244418 40.33824096579698 4 4 1 -1 -1
14 91 20.678626414000448 116.12314019794681 4 4 1 -1 -1
14 92 25.425972037882275 115.61064265900502 4 4 1 -1 -1
14 93 8.864209463658181 102.87912484950377 4 4 1 -1 -1
14 94 27.235417202165145 83.97036246334608 4 4 1 -1 -1
14 95 36.584032490983326 62.75146666885117 4 4 1 -1 -1
14 97 117.89841162853857 22.327850298850915 4 4 1 -1 -1
14 99 184.55128502877764 153.4806960508901 4 4 1 -1 -1
14 100 177.83971670974418 168.18441275153265 4 4 1 -1 -1
14 106 90.1459307206384 217.372608174569 4 4 1 -1 -1
14 107 77.05728304715873 225.5117370095567 4 4 1 -1 -1
14 108 83.05080689730958 228.12277710269166 4 4 1 -1 -1
14 109 146.64971808894023 163.53613583641388 4 4 1 -1 -1
14 111 138.85585470604045 160.63925905921158 4 4 1 -1 -1
14 113 140.96842350866777 164.0336111802871 4 4 1 -1 -1
14 115 187.05751985395048 169.9222978145772 4 4 1 -1 -1
14 118 192.23975624659147 236.1932646632908 4 4 1 -1 -1
14 119 198.50031828808565 236.8163537764253 4 4 1 -1 -1
14 120 199.0929600236787 229.94870277795954 4 4 1 -1 -1
14 121 252.9583067760402 27.02521647505763 4 4 1 -1 -1
14 122 190.52562538025416 174.77278517373978 4 4 1 -1 -1
14 126 196.25139372035474 157.79678586691236 4 4 1 -1 -1
14 127 202.1973670469676 158.5143654169837 4 4 1 -1 -1
14 128 198.76707389933233 163.48286257189747 4 4 1 -1 -1
14 129 201.98368313960896 172.673780215752 4 4 1 -1 -1
14 132 196.46897446652883 167.53484774086064 4 4 1 -1 -1
14 133 221.8563043087263 150.56135806146506 4 4 1 -1 -1
14 136 248.53716134010233 74.21706880300472 4 4 1 -1 -1
14 148 138.59475069672686 241.41534484956082 4 4 1 -1 -1
14 153 158.110502845032 203.19034983791693 4 4 1 -1 -1
14 154 155.23419710843268 231.30349867069253 4 4 1 -1 -1
14 158 247.4118246388048 162.04368213960996 4 4 1 -1 -1
14 159 183.5380875064535 202.3657297376647 4 4 1 -1 -1
14 160 190.81555255942692 198.2144996722362 4 4 1 -1 -1
14 161 193.66395993375602 205.81025267044714 4 4 1 -1 -1
14 162 196.91716329655011 107.08690491727317 4 4 1 -1 -1
14 163 193.35723208338183 102.91960265011326 4 4 1 -1 -1
14 164 204.67893210154847 104.18898603774637 4 4 1 -1 -1
14 165 180.3713921868869 23.03744615099692 4 4 1 -1 -1
14 169 117.65176065125999 27.30147317505795 4 4 1 -1 -1
14 171 241.06151222842445 132.26557142019382 4 4 1 -1 -1
14 173 245.5439061604187 130.75030671050976 4 4 1 -1 -1
14 174 22.373310101898888 82.57217047276058 4 4 1 -1 -1
15 1 70.28539550440111 68.44020778135574 4 4 1 -1 -1
15 2 71.0118763088712 158.75539590449557 4 4 1 -1 -1
15 4 58.1038336988238 31.32201027427258 4 4 1 -1 -1
15 6 20.68194533037687 154.72235875199044 4 4 1 -1 -1
15 38 59.359303239091105 77.30399912549294 4 4 1 -1 -1
15 40 80.47540066814524 11.221187805988473 4 4 1 -1 -1
15 43 82.99293243838561 90.96220839137317 4 4 1 -1 -1
15 44 77.68453687713593 87.58511934529359 4 4 1 -1 -1
15 45 4.124786741363412 179.6147788590417 4 4 1 -1 -1
15 46 1.7701645825165713 157.33873175073902 4 4 1 -1 -1
15 47 3.928048957008315 186.68595924382666 4 4 1 -1 -1
15 50 43.94481585730511 125.04479326181763 4 4 1 -1 -1
15 51 44.12973066766472 144.5076647876266 4 4 1 -1 -1
15 53 71.06752737954258 98.45479791737263 4 4 1 -1 -1
15 54 67.49647706772237 103.14133151401958 4 4 1 -1 -1
15 55 138.3010503025907 171.6495219946626 4 4 1 -1 -1
15 56 137.21593554565558 177.79986612159604 4 4 1 -1 -1
15 57 54.259719937867196 216.10506352047486 4 4 1 -1 -1
15 58 40.19775946339844 212.68573536683397 4 4 1 -1 -1
15 59 53.19802956792323 210.24457627200786 4 4 1 -1 -1
15 62 37.9652293916632 206.94462039450366 4 4 1 -1 -1
15 63 5.365215759096544 234.7043405697418 4 4 1 -1 -1
15 64 25.506892701925675 217.32791736160925 4 4 1 -1 -1
15 66 29.768714341546897 214.68450900285694 4 4 1 -1 -1
15 67 42.697510065191636 203.4540034921717 4 4 1 -1 -1
15 68 47.26319602896909 208.50609369607355 4 4 1 -1 -1
15 69 12.085778257091292 203.88151861501314 4 4 1 -1 -1
15 70 13.534744679447964 198.16590411612262 4 4 1 -1 -1
15 71 54.72922446303514 163.73239057467495 4 4 1 -1 -1
15 72 50.34935392514043 158.24849834199395 4 4 1 -1 -1
15 73 67.662065770772 192.67215182014095 4 4 1 -1 -1
15 75 72.54825828385172 198.1833727039162 4 4 1 -1 -1
15 76 68.42855664808896 186.07198976108432 4 4 1 -1 -1
15 77 66.55441047559049 181.29345313895118 4 4 1 -1 -1
15 81 6.085933331500058 191.00172799281012 4 4 1 -1 -1
15 82 63.83838879265679 120.15000537957614 4 4 1 -1 -1
15 83 33.637492755814186 175.3185326282005 4 4 1 -1 -1
15 87 41.271436882240316 178.3766058712178 4 4 1 -1 -1
15 88 35.70289637139914 182.42413760420544 4 4 1 -1 -1
15 89 15.814395386500301 44.77269335537751 4 4 1 -1 -1
15 90 19.583500093945897 40.640344778225824 4 4 1 -1 -1
15 91 20.27402309378325 117.20208238519268 4 4 1 -1 -1
15 92 25.452945592563424 115.85340465113535 4 4 1 -1 -1
15 93 8.864209463658181 103.31070172440212 4 4 1 -1 -1
15 94 27.60521567824406 84.36178933090576 4 4 1 -1 -1
15 95 36.584032490983326 62.75146666885117 4 4 1 -1 -1
15 97 117.62976951520136 22.529094753702783 4 4 1 -1 -1
15 99 184.47658424069095 152.89654149294685 4 4 1 -1 -1
15 100 180.60641298619302 168.65478016697244 4 4 1 -1 -1
15 106 89.99631740400699 214.9426933603596 4 4 1 -1 -1
15 107 76.9979412268602 222.42596235403352 4 4 1 -1 -1
15 108 82.57607233492142 224.7996351659744 4 4 1 -1 -1
15 109 146.38587522638218 164.27164242590408 4 4 1 -1 -1
15 111 137.9775957656223 161.61246491210736 4 4 1 -1 -1
15 113 140.96842350866777 164.0336111802871 4 4 1 -1 -1
15 115 189.10142169308958 171.38804077595069 4 4 1 -1 -1
15 118 192.23975624659147 236.1932646632908 4 4 1 -1 -1
15 119 198.4706473779364 237.08339196776865 4 4 1 -1 -1
15 120 199.0929600236787 229.94870277795954 4 4 1 -1 -1
15 121 250.12572388712402 25.695959700370718 4 4 1 -1 -1
15 122 194.10365456415843 174.990937008361 4 4 1 -1 -1
15 126 194.1229569584534 157.97678938848452 4 4 1 -1 -1
15 127 199.66938771748917 158.29693090106937 4 4 1 -1 -1
15 128 195.11434937654437 162.50598317774512 4 4 1 -1 -1
15 129 204.59076711139073 172.00915182840853 4 4 1 -1 -1
15 132 200.75604980854123 167.63372772037127 4 4 1 -1 -1
15 133 220.84583345259412 149.671784060673 4 4 1 -1 -1
15 136 247.96951786714575 74.24763883164336 4 4 1 -1 -1
15 141 258.70259498093714 4.522798217857808 4 4 1 -1 -1
15 153 158.63995518977333 202.99909449067775 4 4 1 -1 -1
15 154 154.75155030333804 232.14219639757832 4 4 1 -1 -1
15 155 262.0257369176544 177.8009134895444 4 4 1 -1 -1
15 158 247.69402796200222 162.0740124033181 4 4 1 -1 -1
15 159 183.1155018164489 202.5644349238158 4 4 1 -1 -1
15 160 190.81555255942692 198.2144996722362 4 4 1 -1 -1
15 161 193.66395993375602 205.81025267044714 4 4 1 -1 -1
15 162 197.4509679676054 102.72963486313468 4 4 1 -1 -1
15 163 193.06386256484976 100.42455740514042 4 4 1 -1 -1
15 164 204.91064778080937 99.76748688266659 4 4 1 -1 -1
15 165 178.6306987914636 22.087977026220557 4 4 1 -1 -1
15 169 117.56976306306508 27.630731531778697 4 4 1 -1 -1
15 171 240.82481815940824 132.2993848586247 4 4 1 -1 -1
15 173 245.33468551012757 130.88344712433138 4 4 1 -1 -1
15 174 24.032439202898253 83.36674260058861 4 4 1 -1 -1
16 1 73.60853744111837 59.42025109598027 4 4 1 -1 -1
16 2 68.40486989840966 166.46872922940634 4 4 1 -1 -1
16 4 56.80910307412879 31.753587149170926 4 4 1 -1 -1
16 6 15.934599706495028 163.2675808749777 4 4 1 -1 -1
16 38 59.07578120877594 77.75116072087373 4 4 1 -1 -1
16 40 75.00156730485119 17.169755731670698 4 4 1 -1 -1
16 43 82.73398631344661 91.56641601623085 4 4 1 -1 -1
16 44 77.49032728343168 87.9357755561485 4 4 1 -1 -1
16 46 8.459606143440965 154.31769362645053 4 4 1 -1 -1
16 50 46.1626414644216 122.84974532309855 4 4 1 -1 -1
16 51 47.11825261939812 139.48641108437658 4 4 1 -1 -1
16 53 71.06752737954258 87.66537604491394 4 4 1 -1 -1
16 54 66.78579800504636 92.47705507877387 4 4 1 -1 -1
16 55 143.47997280137088 172.08109886956092 4 4 1 -1 -1
16 56 142.42954192190683 178.35872080862623 4 4 1 -1 -1
16 57 47.13431389416688 214.59732948714193 4 4 1 -1 -1
16 58 30.271491340736446 210.95942786724058 4 4 1 -1 -1
16 59 49.494517695035626 208.60732431802842 4 4 1 -1 -1
16 62 28.902115018797915 206.5130435196053 4 4 1 -1 -1
16 63 5.0141840921691445 236.52229887271332 4 4 1 -1 -1
16 64 24.643738952128967 218.6226479863043 4 4 1 -1 -1
16 66 29.82266145090919 215.17003298711757 4 4 1 -1 -1
16 67 39.92848919468636 203.70151886596614 4 4 1 -1 -1
16 68 44.81995785362673 207.6713847857588 4 4 1 -1 -1
16 69 3.4542407591243887 206.4709798644032 4 4 1 -1 -1
16 70 3.4964720821099533 200.0648423656754 4 4 1 -1 -1
16 71 56.30219139116845 153.8461196017826 4 4 1 -1 -1
16 72 51.30700643538184 151.7515387977896 4 4 1 -1 -1
16 73 72.40941139465382 192.2405749452426 4 4 1 -1 -1
16 75 78.59059142342551 197.8293769101008 4 4 1 -1 -1
16 76 72.8623371689082 185.94739762755714 4 4 1 -1 -1
16 77 71.06211033286223 180.53709119220213 4 4 1 -1 -1
16 82 65.56469629225018 110.65531413181249 4 4 1 -1 -1
16 83 33.24059616550589 177.11805406192843 4 4 1 -1 -1
16 87 41.11259261578469 179.10451721490483 4 4 1 -1 -1
16 88 35.99960547289176 182.82874092442265 4 4 1 -1 -1
16 89 15.913298420331174 44.99387650376292 4 4 1 -1 -1
16 90 19.524158273647377 40.942448590654664 4 4 1 -1 -1
16 91 19.86941977356605 118.28102457243854 4 4 1 -1 -1
16 92 25.479919147244573 116.09616664326566 4 4 1 -1 -1
16 93 8.864209463658181 103.74227859930048 4 4 1 -1 -1
16 94 29.103451970711262 81.50895747634911 4 4 1 -1 -1
16 95 34.85772499138994 63.61462041864787 4 4 1 -1 -1
16 97 117.36112740186417 22.730339208554646 4 4 1 -1 -1
16 99 189.90864557096364 151.46231127232505 4 4 1 -1 -1
16 100 185.48783594964374 170.33356283212765 4 4 1 -1 -1
16 106 86.04882758827009 211.08857485898565 4 4 1 -1 -1
16 107 76.93859940656168 219.34018769851033 4 4 1 -1 -1
16 108 82.10133777253326 221.00175866686894 4 4 1 -1 -1
16 109 146.12203236382413 165.0071490153943 4 4 1 -1 -1
16 111 137.09933682520415 162.58567076500313 4 4 1 -1 -1
16 113 140.96842350866777 164.0336111802871 4 4 1 -1 -1
16 115 192.42456362980687 169.48910252639794 4 4 1 -1 -1
16 118 192.23975624659147 236.1932646632908 4 4 1 -1 -1
16 119 198.44097646778712 237.35043015911202 4 4 1 -1 -1
16 120 199.0929600236787 229.94870277795954 4 4 1 -1 -1
16 121 245.15683546746104 18.66988817702562 4 4 1 -1 -1
16 122 197.6816837480627 175.20908884298223 4 4 1 -1 -1
16 126 187.00980729147608 158.86889475363898 4 4 1 -1 -1
16 127 192.86879732651715 158.07949638515504 4 4 1 -1 -1
16 128 189.87917631246248 163.5071644602102 4 4 1 -1 -1
16 129 210.75836030108388 171.34452344106506 4 4 1 -1 -1
16 132 205.04312515055364 167.7326076998819 4 4 1 -1 -1
16 133 219.83536259646192 150.44378102823956 4 4 1 -1 -1
16 136 246.927139831801 75.70241254744653 4 4 1 -1 -1
16 153 159.1694075345147 202.80783914343857 4 4 1 -1 -1
16 154 154.26890349824336 232.9808941244641 4 4 1 -1 -1
16 158 247.97623128519962 162.10434266702623 4 4 1 -1 -1
16 159 182.69291612644426 202.7631401099669 4 4 1 -1 -1
16 160 190.81555255942692 198.2144996722362 4 4 1 -1 -1
16 161 193.66395993375602 205.81025267044714 4 4 1 -1 -1
16 162 197.9847726386607 98.37236480899618 4 4 1 -1 -1
16 163 192.77049304631768 97.92951216016758 4 4 1 -1 -1
16 164 205.14236346007027 95.34598772758679 4 4 1 -1 -1
16 165 174.75369986529347 17.577998683532822 4 4 1 -1 -1
16 166 173.72510831345235 23.512180713385103 4 4 1 -1 -1
16 167 161.8567442537478 4.99753278024599 4 4 1 -1 -1
16 169 117.48776547487017 27.959989888499447 4 4 1 -1 -1
16 171 240.58812409039206 132.3331982970556 4 4 1 -1 -1
16 173 245.12546485983648 131.01658753815298 4 4 1 -1 -1
16 174 25.69156830389762 84.16131472841664 4 4 1 -1 -1
17 1 76.93167937783564 52.77396722254572 4 4 1 -1 -1
17 2 65.7978634879481 174.18206255431707 4 4 1 -1 -1
17 4 56.37752619923044 33.479894648764315 4 4 1 -1 -1
17 6 13.086192332165929 173.71174124751772 4 4 1 -1 -1
17 38 58.3067351942001 79.65489426903645 4 4 1 -1 -1
17 40 69.52773394155713 23.11832365735292 4 4 1 -1 -1
17 43 82.4750401885076 92.17062364108854 4 4 1 -1 -1
17 44 77.29611768972742 88.2864317670034 4 4 1 -1 -1
17 46 12.77537489242448 148.27561737787366 4 4 1 -1 -1
17 50 48.38046707153809 120.65469738437946 4 4 1 -1 -1
17 51 50.10677457113152 134.46515738112657 4 4 1 -1 -1
17 53 71.93068112933926 77.73910792225195 4 4 1 -1 -1
17 54 66.07511894237035 81.81277864352816 4 4 1 -1 -1
17 55 146.93258780055766 172.08109886956092 4 4 1 -1 -1
17 56 147.6431482981581 178.9175754956564 4 4 1 -1 -1
17 57 40.00890785046657 213.089595453809 4 4 1 -1 -1
17 58 22.93468446746455 211.3910047421389 4 4 1 -1 -1
17 59 45.79100582214802 206.97007236404897 4 4 1 -1 -1
17 62 25.017923144712768 207.37619726940198 4 4 1 -1 -1
17 63 5.654356456601736 237.61203048183165 4 4 1 -1 -1
17 64 24.643738952128967 219.9173786109993 4 4 1 -1 -1
17 66 29.82266145090919 215.17003298711757 4 4 1 -1 -1
17 67 37.15946832418108 203.94903423976055 4 4 1 -1 -1
17 68 40.180506448469515 208.69637986364233 4 4 1 -1 -1
17 69 2.59108700932768 214.23936361257344 4 4 1 -1 -1
17 71 57.01200456950506 149.1387711276704 4 4 1 -1 -1
17 72 52.26465894562324 145.25457925358526 4 4 1 -1 -1
17 73 78.45148764323066 192.67215182014093 4 4 1 -1 -1
17 75 84.6329245629993 197.47538111628535 4 4 1 -1 -1
17 76 77.29611768972742 185.82280549402995 4 4 1 -1 -1
17 77 75.56981019013398 179.7807292454531 4 4 1 -1 -1
17 82 64.70154254245347 99.43431538445545 4 4 1 -1 -1
17 83 32.84369957519759 178.91757549565637 4 4 1 -1 -1
17 87 40.95374834932907 179.83242855859191 4 4 1 -1 -1
17 88 36.29631457438437 183.23334424463985 4 4 1 -1 -1
17 89 16.012201454162046 47.286628651660386 4 4 1 -1 -1
17 90 19.464816453348856 41.24455240308351 4 4 1 -1 -1
17 91 19.464816453348856 119.35996675968441 4 4 1 -1 -1
17 92 25.50689270192572 116.33892863539599 4 4 1 -1 -1
17 93 8.864209463658181 104.17385547419882 4 4 1 -1 -1
17 94 30.601688263178467 78.65612562179246 4 4 1 -1 -1
17 95 35.925193133278775 65.47750725035843 4 4 1 -1 -1
17 97 117.09248528852696 22.931583663406514 4 4 1 -1 -1
17 99 195.34070690123633 150.02808105170328 4 4 1 -1 -1
17 100 190.36925891309446 172.01234549728284 4 4 1 -1 -1
17 106 82.10133777253318 207.2344563576117 4 4 1 -1 -1
17 107 76.87925758626317 216.25441304298715 4 4 1 -1 -1
17 108 82.10133777253328 215.77967848059893 4 4 1 -1 -1
17 109 144.2915654453851 167.83148767939255 4 4 1 -1 -1
17 111 136.221077884786 163.5588766178989 4 4 1 -1 -1
17 113 140.96842350866777 164.0336111802871 4 4 1 -1 -1
17 115 197.64664381607687 169.48910252639794 4 4 1 -1 -1
17 118 192.23975624659147 236.1932646632908 4 4 1 -1 -1
17 119 198.41130555763786 237.61746835045537 4 4 1 -1 -1
17 120 199.0929600236787 229.94870277795954 4 4 1 -1 -1
17 121 240.18794704779805 11.643816653680517 4 4 1 -1 -1
17 122 201.25971293196696 175.42724067760346 4 4 1 -1 -1
17 126 179.89665762449874 159.76100011879345 4 4 1 -1 -1
17 127 186.0682069355451 157.86206186924073 4 4 1 -1 -1
17 128 184.64400324838059 164.50834574267526 4 4 1 -1 -1
17 129 216.92595349077703 170.67989505372162 4 4 1 -1 -1
17 132 209.33020049256604 167.83148767939252 4 4 1 -1 -1
17 133 220.24909542749427 149.7915743086416 4 4 1 -1 -1
17 136 246.35949635884435 75.73298257608518 4 4 1 -1 -1
17 153 159.48307144180686 203.43657985850624 4 4 1 -1 -1
17 154 153.78625669314872 233.81959185134988 4 4 1 -1 -1
17 158 248.258434608397 162.13467293073435 4 4 1 -1 -1
17 159 182.27033043643962 202.96184529611804 4 4 1 -1 -1
17 160 190.81555255942692 198.2144996722362 4 4 1 -1 -1
17 161 193.66395993375602 205.81025267044714 4 4 1 -1 -1
17 162 198.518577309716 94.01509475485769 4 4 1 -1 -1
17 163 194.6134290585324 96.14656875877701 4 4 1 -1 -1
17 164 203.15865118151964 90.924488572507 4 4 1 -1 -1
17 165 170.8767009391233 13.06802034084509 4 4 1 -1 -1
17 166 174.67457743822877 20.663773339056007 4 4 1 -1 -1
17 167 163.75568250330056 11.16908209129236 4 4 1 -1 -1
17 169 117.40576788667528 28.289248245220197 4 4 1 -1 -1
17 171 240.35143002137585 132.36701173548647 4 4 1 -1 -1
17 173 244.91624420954537 131.1497279519746 4 4 1 -1 -1
17 174 27.35069740489698 84.95588685624466 4 4 1 -1 -1
