1 1 78.69565717702456 36.71650944536759 4 4 1 -1 -1
1 2 77.38474173828394 42.8341148261572 4 4 1 -1 -1
1 3 142.45296728168566 58.93520472925899 4 4 1 -1 -1
1 4 111.04925966029901 109.88611811497815 4 4 1 -1 -1
1 5 149.02211020248592 44.51513490311207 4 4 1 -1 -1
1 6 144.69608925464183 43.23335091856568 4 4 1 -1 -1
1 7 143.41430527009544 35.382424013219016 4 4 1 -1 -1
1 8 106.25293600518077 91.43763820229793 4 4 1 -1 -1
1 10 114.72032913053859 155.6014190062373 4 4 1 -1 -1
1 11 123.25557039724004 91.61111294844072 4 4 1 -1 -1
1 12 177.87705429834563 82.17633901122356 4 4 1 -1 -1
1 13 182.53808696942343 80.71976630151175 4 4 1 -1 -1
1 19 136.0936169978168 43.499370539677265 4 4 1 -1 -1
1 20 150.97384468629087 37.10572878866433 4 4 1 -1 -1
1 21 137.40618640748087 28.567442957733917 4 4 1 -1 -1
1 22 133.68541464713516 30.865566692065098 4 4 1 -1 -1
1 23 98.38555636017554 13.759348399484182 4 4 1 -1 -1
1 24 41.4630327883128 9.531946328073502 4 4 1 -1 -1
1 25 41.06508928453251 14.50624012532714 4 4 1 -1 -1
1 32 71.02540677959374 14.344300632748526 4 4 1 -1 -1
1 34 42.86197819135179 19.784331694501876 4 4 1 -1 -1
1 36 42.86197819135179 22.84313438489668 4 4 1 -1 -1
1 37 1.6409705065075406 17.599472629934162 4 4 1 -1 -1
1 38 58.68658213708927 58.7292336465639 4 4 1 -1 -1
1 39 55.19080763378092 62.661979962785786 4 4 1 -1 -1
1 40 70.33916381478376 57.56397547879445 4 4 1 -1 -1
1 43 12.221912697282505 82.47136881486642 4 4 1 -1 -1
1 44 28.098555233141244 77.37336433087508 4 4 1 -1 -1
1 45 25.18540981371762 61.49672179501634 4 4 1 -1 -1
1 46 30.42907156868014 59.166205459477446 4 4 1 -1 -1
1 47 47.325315001337145 61.49672179501634 4 4 1 -1 -1
1 48 35.23576151072911 73.14930347271083 4 4 1 -1 -1
1 49 28.826841587997148 83.63662698263587 4 4 1 -1 -1
1 50 25.3310670846888 87.71503056982894 4 4 1 -1 -1
1 51 54.462521278925024 98.7849831636387 4 4 1 -1 -1
1 52 59.851840304858726 129.22735279661555 4 4 1 -1 -1
1 55 50.38411769173196 110.291907570362 4 4 1 -1 -1
1 56 45.868742291625345 111.1658511961891 4 4 1 -1 -1
1 57 40.916395078605184 99.80458406043697 4 4 1 -1 -1
1 58 45.57742774968298 84.51057060846296 4 4 1 -1 -1
1 59 52.277662214357306 93.68697867964737 4 4 1 -1 -1
1 60 44.12085503997117 102.57207220888941 4 4 1 -1 -1
1 61 48.19925862716424 88.29765965371367 4 4 1 -1 -1
1 62 78.64162826014109 94.12395049256091 4 4 1 -1 -1
1 63 81.84608822150707 101.26115677014877 4 4 1 -1 -1
1 64 77.0393982794581 101.55247131209114 4 4 1 -1 -1
1 65 85.05054818287306 143.06479353887775 4 4 1 -1 -1
1 66 101.50981980261652 99.07629770558107 4 4 1 -1 -1
1 67 100.19890436387588 118.44871474474814 4 4 1 -1 -1
1 71 94.80958533794218 122.81843287388358 4 4 1 -1 -1
1 72 88.25500814423904 122.81843287388358 4 4 1 -1 -1
1 73 68.5912765631296 94.70657957644563 4 4 1 -1 -1
1 74 84.46791909898833 92.95869232479146 4 4 1 -1 -1
1 78 48.63623044007778 91.35646234410846 4 4 1 -1 -1
1 79 51.25806131755904 90.62817598925255 4 4 1 -1 -1
1 80 63.9302438920518 78.53862249864453 4 4 1 -1 -1
1 83 54.75383582086739 103.00904402180295 4 4 1 -1 -1
1 84 55.33646490475211 79.99519520835634 4 4 1 -1 -1
1 85 62.473671182339984 98.49366862169634 4 4 1 -1 -1
1 87 84.90489091190187 87.42371602788657 4 4 1 -1 -1
1 88 65.47764490673623 95.23007182637275 4 4 1 -1 -1
1 91 75.34863351800635 85.35908321510263 4 4 1 -1 -1
1 92 84.73811048970232 97.87838584403059 4 4 1 -1 -1
1 93 73.4624108364635 142.12232251227283 4 4 1 -1 -1
1 94 47.17478154010082 130.48198874620428 4 4 1 -1 -1
1 95 93.98336750251805 133.02177343762716 4 4 1 -1 -1
1 96 70.63698525919447 4.711365431687214 4 4 1 -1 -1
1 97 73.74072613082933 2.034267815881359 4 4 1 -1 -1
1 98 13.32518490361135 79.85252240659995 4 4 1 -1 -1
1 102 70.75531380876359 148.8950289194398 4 4 1 -1 -1
1 103 41.68195855517183 113.06447087005816 4 4 1 -1 -1
2 1 78.69565717702456 36.53443785665361 4 4 1 -1 -1
2 2 77.6396419624835 42.65204323744322 4 4 1 -1 -1
2 3 141.33140629520756 57.332974748576 4 4 1 -1 -1
2 4 111.04925966029901 107.16232714781705 4 4 1 -1 -1
2 5 148.22099521214443 43.07312792049738 4 4 1 -1 -1
2 6 143.89497426430034 41.470897939814385 4 4 1 -1 -1
2 7 141.81207528941246 34.58130902287752 4 4 1 -1 -1
2 8 106.35242188112585 92.73095458958389 4 4 1 -1 -1
2 10 116.0444861393675 157.85248592124645 4 4 1 -1 -1
2 11 124.34991503263583 89.5318581411887 4 4 1 -1 -1
2 12 177.29442521446092 80.57410903054057 4 4 1 -1 -1
2 13 181.8098006145675 78.68056450791522 4 4 1 -1 -1
2 19 134.78270155907617 42.188455100936636 4 4 1 -1 -1
2 20 150.7330888665038 36.383461329303096 4 4 1 -1 -1
2 21 136.6401451627038 27.473098322338117 4 4 1 -1 -1
2 22 132.59107001173936 29.2240497389714 4 4 1 -1 -1
2 23 96.41573601646309 12.77443822762796 4 4 1 -1 -1
2 24 39.473315269411344 9.034516948348136 4 4 1 -1 -1
2 25 37.881541254290184 13.909324869656706 4 4 1 -1 -1
2 32 69.30400266811614 13.682222128334066 4 4 1 -1 -1
2 34 40.385804584841715 19.347359881588332 4 4 1 -1 -1
2 36 39.511860959014626 22.260505301011953 4 4 1 -1 -1
2 37 2.8062286742769884 20.65827532032896 4 4 1 -1 -1
2 38 58.832239408060445 60.185806356275705 4 4 1 -1 -1
2 39 55.773436717665646 62.807637233756964 4 4 1 -1 -1
2 40 70.368295268978 57.651369841377154 4 4 1 -1 -1
2 43 14.11545721990786 84.36491333749177 4 4 1 -1 -1
2 44 29.55512794285305 77.9559934147598 4 4 1 -1 -1
2 45 26.205010710515886 62.80763723375697 4 4 1 -1 -1
2 46 32.03130154936313 62.661979962785786 4 4 1 -1 -1
2 47 47.90794408522187 62.80763723375698 4 4 1 -1 -1
2 48 36.40101967849856 74.46021891145145 4 4 1 -1 -1
2 49 29.409470671881873 83.63662698263587 4 4 1 -1 -1
2 50 25.3310670846888 88.7346314666272 4 4 1 -1 -1
2 51 54.3654164316109 98.63932589266751 4 4 1 -1 -1
2 52 60.43446938874345 129.22735279661555 4 4 1 -1 -1
2 55 50.1801975123723 110.291907570362 4 4 1 -1 -1
2 56 45.72308502065417 110.9230890779038 4 4 1 -1 -1
2 57 40.72218538397694 99.80458406043697 4 4 1 -1 -1
2 58 45.57742774968298 84.2556703842634 4 4 1 -1 -1
2 59 52.641805391785255 93.90546458610413 4 4 1 -1 -1
2 60 44.23738085674811 102.65946657147212 4 4 1 -1 -1
2 61 48.19925862716424 88.15200238274248 4 4 1 -1 -1
2 62 78.75087121336948 94.1967791280465 4 4 1 -1 -1
2 63 81.66936644701131 101.16530833039263 4 4 1 -1 -1
2 64 76.86946479665839 101.47868746146031 4 4 1 -1 -1
2 65 85.19620545384424 144.2300517066472 4 4 1 -1 -1
2 66 101.21850526067416 100.96984222820643 4 4 1 -1 -1
2 67 99.3249607380488 119.17700109960404 4 4 1 -1 -1
2 71 93.20735535725919 124.12934831262419 4 4 1 -1 -1
2 72 88.40066541521023 123.69237649971066 4 4 1 -1 -1
2 73 68.62040801732384 94.47352794289175 4 4 1 -1 -1
2 74 84.61357636995952 93.00030868792608 4 4 1 -1 -1
2 78 48.87899255836308 91.50211961507965 4 4 1 -1 -1
2 79 51.50082343584434 90.84666189570933 4 4 1 -1 -1
2 80 63.9302438920518 78.63572734595866 4 4 1 -1 -1
2 83 54.644592867639005 102.75414379760338 4 4 1 -1 -1
2 84 55.91909398863684 81.30611064709696 4 4 1 -1 -1
2 85 62.41124663763805 98.36881953229248 4 4 1 -1 -1
2 87 84.86847659415908 87.20523012142979 4 4 1 -1 -1
2 88 65.49484175100673 95.10969391647922 4 4 1 -1 -1
2 91 75.42888545793538 85.76034291474775 4 4 1 -1 -1
2 92 84.68995932574491 97.80615909809447 4 4 1 -1 -1
2 93 74.91898354617531 144.10855802551623 4 4 1 -1 -1
2 94 46.909485870913954 130.11720720107235 4 4 1 -1 -1
2 95 95.11874676124154 131.03485973486104 4 4 1 -1 -1
2 96 66.99555348491495 3.6917645348889456 4 4 1 -1 -1
2 97 70.92573623316775 0.8613553585223728 4 4 1 -1 -1
2 98 14.831788747173364 80.60582432838096 4 4 1 -1 -1
2 102 71.30676848060338 149.99793826311938 4 4 1 -1 -1
2 103 41.54385320284531 112.92636551773164 4 4 1 -1 -1
3 1 78.69565717702456 36.35236626793964 4 4 1 -1 -1
3 2 77.89454218668307 42.46997164872924 4 4 1 -1 -1
3 3 139.88939931259284 55.08985277561981 4 4 1 -1 -1
3 4 112.651489640982 104.91920517486085 4 4 1 -1 -1
3 5 147.41988022180294 41.95156693401928 4 4 1 -1 -1
3 6 143.25408227202715 40.50955995140459 4 4 1 -1 -1
3 7 139.72917631452458 33.459748036399425 4 4 1 -1 -1
3 8 107.84471002030193 94.5217003565952 4 4 1 -1 -1
3 10 118.29555305437665 159.44147433184116 4 4 1 -1 -1
3 11 125.88199752218996 86.2488242350013 4 4 1 -1 -1
3 12 176.12916704669146 78.8262217788864 4 4 1 -1 -1
3 13 180.4988851758269 77.95227815305931 4 4 1 -1 -1
3 19 133.7631006622779 40.73188239122482 4 4 1 -1 -1
3 20 150.25157722692964 35.17968223036771 4 4 1 -1 -1
3 21 135.54580052730796 26.378753686942318 4 4 1 -1 -1
3 22 131.49672537634356 28.1297051035756 4 4 1 -1 -1
3 23 92.80439871965694 11.570659128692581 4 4 1 -1 -1
3 24 37.782055378345106 7.9401723129523365 4 4 1 -1 -1
3 25 36.68771074294931 13.013951986151051 4 4 1 -1 -1
3 32 66.6556886504583 13.020143623919608 4 4 1 -1 -1
3 34 38.200945520274004 18.764730797703606 4 4 1 -1 -1
3 36 37.763973707360456 22.114848030040775 4 4 1 -1 -1
3 37 3.5345150291328955 21.240904404213687 4 4 1 -1 -1
3 38 59.41486849194517 61.496721795016335 4 4 1 -1 -1
3 39 56.50172307252156 64.1185526724976 4 4 1 -1 -1
3 40 70.39742672317223 57.73876420395986 4 4 1 -1 -1
3 43 15.572029929619667 86.98674421497303 4 4 1 -1 -1
3 44 30.57472883965132 78.97559431155807 4 4 1 -1 -1
3 45 26.933297065371793 65.28381084026705 4 4 1 -1 -1
3 46 32.32261609130549 63.244609046670504 4 4 1 -1 -1
3 47 48.4905731691066 65.72078265318058 4 4 1 -1 -1
3 48 36.98364876238328 74.46021891145145 4 4 1 -1 -1
3 49 30.720386110622503 86.4041151310883 4 4 1 -1 -1
3 50 25.622381626631164 90.77383326022375 4 4 1 -1 -1
3 51 54.26831158429678 98.49366862169634 4 4 1 -1 -1
3 52 62.18235664039763 130.9752400482697 4 4 1 -1 -1
3 55 49.97627733301265 110.291907570362 4 4 1 -1 -1
3 56 45.57742774968298 110.68032695961848 4 4 1 -1 -1
3 57 40.5279756893487 99.80458406043697 4 4 1 -1 -1
3 58 45.57742774968298 84.00077016006382 4 4 1 -1 -1
3 59 53.00594856921321 94.12395049256091 4 4 1 -1 -1
3 60 44.35390667352506 102.74686093405482 4 4 1 -1 -1
3 61 48.19925862716424 88.0063451117713 4 4 1 -1 -1
3 62 78.86011416659787 94.2696077635321 4 4 1 -1 -1
3 63 81.49264467251555 101.0694598906365 4 4 1 -1 -1
3 64 76.69953131385867 101.40490361082948 4 4 1 -1 -1
3 65 86.21580635064251 145.54096714538784 4 4 1 -1 -1
3 66 101.21850526067416 102.42641493791822 4 4 1 -1 -1
3 67 98.74233165416408 120.05094472543114 4 4 1 -1 -1
3 71 93.35301262823037 125.29460648039364 4 4 1 -1 -1
3 72 88.40066541521023 125.58592102233601 4 4 1 -1 -1
3 73 68.64953947151807 94.24047630933785 4 4 1 -1 -1
3 74 84.75923364093069 93.0419250510607 4 4 1 -1 -1
3 78 49.121754676648386 91.64777688605082 4 4 1 -1 -1
3 79 51.743585554129645 91.0651478021661 4 4 1 -1 -1
3 80 63.930243892051806 78.73283219327277 4 4 1 -1 -1
3 83 54.53534991441062 102.49924357340382 4 4 1 -1 -1
3 84 55.48212217572329 81.88873973098168 4 4 1 -1 -1
3 85 62.34882209293612 98.2439704428886 4 4 1 -1 -1
3 87 84.83206227641628 86.98674421497302 4 4 1 -1 -1
3 88 65.51203859527725 94.98931600658568 4 4 1 -1 -1
3 91 75.5091373978644 86.16160261439289 4 4 1 -1 -1
3 92 84.6418081617875 97.73393235215835 4 4 1 -1 -1
3 93 76.7728033585358 145.96237783787677 4 4 1 -1 -1
3 94 46.6441902017271 129.7524256559404 4 4 1 -1 -1
3 95 97.38950527868853 129.04794603209493 4 4 1 -1 -1
3 96 64.37372260743369 3.109135451004221 4 4 1 -1 -1
3 98 15.961741629844875 83.2423810546145 4 4 1 -1 -1
3 102 74.24786006374892 150.91702938285238 4 4 1 -1 -1
3 103 41.40574785051879 112.78826016540512 4 4 1 -1 -1
4 1 78.69565717702456 36.17029467922566 4 4 1 -1 -1
4 2 78.14944241088264 42.28790006001526 4 4 1 -1 -1
4 3 139.08828432225135 53.16717679880022 4 4 1 -1 -1
4 4 113.7730506274601 102.67608320190465 4 4 1 -1 -1
4 5 146.29831923532484 40.50955995140459 4 4 1 -1 -1
4 6 141.33140629520756 39.2277759668582 4 4 1 -1 -1
4 7 138.9280613241831 32.33818704992133 4 4 1 -1 -1
4 8 107.5462523924667 96.11347437171638 4 4 1 -1 -1
4 11 126.64803876696703 82.85635586527431 4 4 1 -1 -1
4 12 175.8378525047491 77.51530634014578 4 4 1 -1 -1
4 13 179.9162560919422 76.35004817237632 4 4 1 -1 -1
4 19 132.59784249450846 39.56662422345537 4 4 1 -1 -1
4 20 150.2515772269296 34.818548500687086 4 4 1 -1 -1
4 21 134.6703248189913 24.73723673384862 4 4 1 -1 -1
4 22 129.96464288678945 26.488188150481903 4 4 1 -1 -1
4 23 90.28740605824659 10.80461788391552 4 4 1 -1 -1
4 24 36.78719661889438 6.9453135535016095 4 4 1 -1 -1
4 25 34.89696497593799 12.31755085453554 4 4 1 -1 -1
4 32 65.33153164162938 12.887727923036717 4 4 1 -1 -1
4 34 35.43345737182157 17.89078717187652 4 4 1 -1 -1
4 36 35.287800100850376 21.24090440421369 4 4 1 -1 -1
4 37 6.156345906614154 24.882336178493215 4 4 1 -1 -1
4 38 60.43446938874344 62.07935087890106 4 4 1 -1 -1
4 39 56.79303761446392 64.9924962983247 4 4 1 -1 -1
4 40 70.42655817736647 57.826158566542574 4 4 1 -1 -1
4 43 16.591630826417934 88.7346314666272 4 4 1 -1 -1
4 44 31.44867246547841 79.5582233954428 4 4 1 -1 -1
4 45 27.95289796217006 67.75998444677714 4 4 1 -1 -1
4 46 34.07050334295967 64.70118175638231 4 4 1 -1 -1
4 47 48.63623044007778 67.75998444677711 4 4 1 -1 -1
4 48 38.585878743066274 75.91679162116327 4 4 1 -1 -1
4 49 31.448672465478406 86.98674421497303 4 4 1 -1 -1
4 50 26.496325252458252 92.23040596993556 4 4 1 -1 -1
4 51 54.17120673698266 98.34801135072516 4 4 1 -1 -1
4 52 65.09550205982126 131.70352640312564 4 4 1 -1 -1
4 55 49.772357153653 110.291907570362 4 4 1 -1 -1
4 56 45.431770478711805 110.43756484133318 4 4 1 -1 -1
4 57 40.33376599472046 99.80458406043697 4 4 1 -1 -1
4 58 45.57742774968298 83.74586993586425 4 4 1 -1 -1
4 59 54.31686400795384 95.14355138935917 4 4 1 -1 -1
4 60 44.470432490302 102.83425529663754 4 4 1 -1 -1
4 61 48.19925862716424 87.86068784080013 4 4 1 -1 -1
4 62 78.96935711982624 94.34243639901767 4 4 1 -1 -1
4 63 81.31592289801979 100.97361145088037 4 4 1 -1 -1
4 64 76.52959783105896 101.33111976019863 4 4 1 -1 -1
4 65 86.94409270549842 147.14319712607085 4 4 1 -1 -1
4 66 100.92719071873181 104.46561673151474 4 4 1 -1 -1
4 67 97.14010167348108 121.21620289320059 4 4 1 -1 -1
4 71 93.35301262823037 126.60552191913426 4 4 1 -1 -1
4 72 88.03652223778228 126.82400782559104 4 4 1 -1 -1
4 73 68.67867092571231 94.00742467578397 4 4 1 -1 -1
4 74 84.90489091190187 93.08354141419532 4 4 1 -1 -1
4 78 49.364516794933685 91.793434157022 4 4 1 -1 -1
4 79 51.986347672414944 91.28363370862286 4 4 1 -1 -1
4 80 63.930243892051806 78.8299370405869 4 4 1 -1 -1
4 83 54.42610696118223 102.24434334920426 4 4 1 -1 -1
4 84 55.04515036280975 82.47136881486641 4 4 1 -1 -1
4 85 62.286397548234184 98.11912135348473 4 4 1 -1 -1
4 87 84.79564795867348 86.76825830851625 4 4 1 -1 -1
4 88 65.52923543954775 94.86893809669215 4 4 1 -1 -1
4 91 75.58938933779342 86.56286231403801 4 4 1 -1 -1
4 92 84.59365699783007 97.66170560622223 4 4 1 -1 -1
4 93 77.96454466648183 146.75687204317416 4 4 1 -1 -1
4 94 46.37889453254024 129.38764411080848 4 4 1 -1 -1
4 95 99.37641898145466 125.9256530706053 4 4 1 -1 -1
4 96 60.58663356218298 2.235191825177134 4 4 1 -1 -1
4 98 17.091694512516383 84.87453521847337 4 4 1 -1 -1
4 102 77.18895164689445 152.01993872653196 4 4 1 -1 -1
4 103 41.26764249819228 112.65015481307859 4 4 1 -1 -1
5 1 78.69565717702456 35.98822309051168 4 4 1 -1 -1
5 2 78.4043426350822 42.10582847130129 4 4 1 -1 -1
5 3 138.28716933190987 50.76383182777573 4 4 1 -1 -1
5 4 114.73438861586989 100.11251523281186 4 4 1 -1 -1
5 5 146.13809623725655 38.9073299707216 4 4 1 -1 -1
5 6 140.85073730100265 37.625545986175204 4 4 1 -1 -1
5 7 137.6462773396367 31.376849061511535 4 4 1 -1 -1
5 8 107.44676651652162 98.70010714628827 4 4 1 -1 -1
5 11 128.39899018360035 79.79219088616607 4 4 1 -1 -1
5 12 174.67259433697967 75.76741908849161 4 4 1 -1 -1
5 13 178.60534065320155 75.0391327336357 4 4 1 -1 -1
5 18 184.63904045436274 111.14777303514133 4 4 1 -1 -1
5 19 131.86955613965256 37.52742242985883 4 4 1 -1 -1
5 20 149.2885539477813 33.73514731164524 4 4 1 -1 -1
5 21 133.24767679297673 23.53345763491324 4 4 1 -1 -1
5 22 128.97973271493322 25.83158136924442 4 4 1 -1 -1
5 23 88.5364546416133 9.38196985790098 4 4 1 -1 -1
5 24 33.60364858865205 6.348398297831171 4 4 1 -1 -1
5 25 32.90724745703653 11.123720343194666 4 4 1 -1 -1
5 32 63.345296128386 11.695986615090689 4 4 1 -1 -1
5 34 32.37465468142676 16.57987173313589 4 4 1 -1 -1
5 36 32.374654681426755 19.056045339645976 4 4 1 -1 -1
5 37 6.593317719527699 27.067195243060937 4 4 1 -1 -1
5 38 61.308413014570526 62.807637233756964 4 4 1 -1 -1
5 39 57.302838062863046 65.64795401769501 4 4 1 -1 -1
5 40 70.4556896315607 57.91355292912528 4 4 1 -1 -1
5 43 16.009001742533208 88.7346314666272 4 4 1 -1 -1
5 44 31.739987007420773 81.8887397309817 4 4 1 -1 -1
5 45 27.95289796217006 68.63392807260422 4 4 1 -1 -1
5 46 34.79878969781557 66.15775446609413 4 4 1 -1 -1
5 47 49.07320225299132 70.2361580532872 4 4 1 -1 -1
5 48 40.62508053666281 76.20810616310564 4 4 1 -1 -1
5 49 31.157357923536043 88.15200238274248 4 4 1 -1 -1
5 50 26.35066798148707 94.85223684741682 4 4 1 -1 -1
5 51 54.53534991441062 98.7121545281531 4 4 1 -1 -1
5 52 65.09550205982126 132.57747002895272 4 4 1 -1 -1
5 55 49.56843697429335 110.291907570362 4 4 1 -1 -1
5 56 45.28611320774063 110.21907893487642 4 4 1 -1 -1
5 57 40.13955630009222 99.80458406043697 4 4 1 -1 -1
5 58 45.57742774968298 83.49096971166469 4 4 1 -1 -1
5 59 54.6081785498962 95.43486593130154 4 4 1 -1 -1
5 60 44.58695830707895 102.92164965922024 4 4 1 -1 -1
5 61 48.19925862716424 87.71503056982894 4 4 1 -1 -1
5 62 79.07860007305463 94.41526503450326 4 4 1 -1 -1
5 63 81.13920112352403 100.87776301112423 4 4 1 -1 -1
5 64 76.35966434825926 101.2573359095678 4 4 1 -1 -1
5 65 88.25500814423906 147.28885439704203 4 4 1 -1 -1
5 66 100.78153344776062 105.77653217025536 4 4 1 -1 -1
5 67 96.84878713153873 121.65317470611413 4 4 1 -1 -1
5 71 93.20735535725919 128.20775189981725 4 4 1 -1 -1
5 72 87.67237906035433 128.06209462884607 4 4 1 -1 -1
5 73 68.70780237990654 93.77437304223007 4 4 1 -1 -1
5 74 85.05054818287306 93.12515777732996 4 4 1 -1 -1
5 78 49.607278913218984 91.93909142799319 4 4 1 -1 -1
5 79 52.22910979070024 91.50211961507964 4 4 1 -1 -1
5 80 64.36721570496535 79.26690885350044 4 4 1 -1 -1
5 83 54.316864007953846 101.98944312500468 4 4 1 -1 -1
5 84 56.064751259608016 82.76268335680876 4 4 1 -1 -1
5 85 62.223973003532244 97.99427226408086 4 4 1 -1 -1
5 87 84.75923364093069 86.54977240205947 4 4 1 -1 -1
5 88 65.54643228381825 94.7485601867986 4 4 1 -1 -1
5 91 74.74674396853865 86.8036181338251 4 4 1 -1 -1
5 92 84.54550583387265 97.5894788602861 4 4 1 -1 -1
5 93 80.48044298325678 147.15411914582285 4 4 1 -1 -1
5 94 46.279408656595166 128.9897006070282 4 4 1 -1 -1
5 95 101.36333268422078 123.65489455315831 4 4 1 -1 -1
5 98 16.84059387192271 85.00008553877022 4 4 1 -1 -1
5 102 79.02713388636042 152.20375695047858 4 4 1 -1 -1
5 103 41.12953714586576 112.51204946075207 4 4 1 -1 -1
6 1 78.98697171896691 36.42519490342522 4 4 1 -1 -1
6 2 78.4043426350822 42.979772097128375 4 4 1 -1 -1
6 3 137.00538534736347 47.07870287220485 4 4 1 -1 -1
6 4 116.01617260041628 94.66493329848967 4 4 1 -1 -1
6 5 143.57452826816376 35.86309300742391 4 4 1 -1 -1
6 6 138.76783832611477 35.382424013219016 4 4 1 -1 -1
6 7 133.9611483840658 30.73595706923834 4 4 1 -1 -1
6 8 106.35242188112582 102.48057043220105 4 4 1 -1 -1
6 11 131.68202408978777 74.1015987821079 4 4 1 -1 -1
6 12 172.48773527241195 72.854273669068 4 4 1 -1 -1
6 13 176.56613885960502 72.27164458518327 4 4 1 -1 -1
6 18 182.50647235007366 106.88263682656319 4 4 1 -1 -1
6 19 129.2477252621713 35.19690609431993 4 4 1 -1 -1
6 20 145.67721665097514 30.846077474200328 4 4 1 -1 -1
6 21 131.38729091280385 21.78250621827996 4 4 1 -1 -1
6 22 127.11934683476036 23.642892098452823 4 4 1 -1 -1
6 23 83.39303485525303 8.944232003742663 4 4 1 -1 -1
6 24 31.215987565970302 5.453025414325516 4 4 1 -1 -1
6 25 30.42010055840971 10.725776839414376 4 4 1 -1 -1
6 32 58.710746597484786 11.166323811559122 4 4 1 -1 -1
6 34 28.44190836520487 15.997242649251163 4 4 1 -1 -1
6 36 28.441908365204867 19.34735988158834 4 4 1 -1 -1
6 37 10.089092222836046 32.31085699802346 4 4 1 -1 -1
6 38 62.182356640397614 65.28381084026704 4 4 1 -1 -1
6 39 57.81263851126218 66.30341173706533 4 4 1 -1 -1
6 40 70.48482108575494 58.00094729170799 4 4 1 -1 -1
6 43 18.77648989098565 87.56937329885776 4 4 1 -1 -1
6 44 34.07050334295967 84.80188515040533 4 4 1 -1 -1
6 45 30.28341429770896 72.85798893076847 4 4 1 -1 -1
6 46 37.42062057529683 70.09050078231603 4 4 1 -1 -1
6 47 51.69503313047258 73.14930347271081 4 4 1 -1 -1
6 48 42.95559687220171 77.37336433087509 4 4 1 -1 -1
6 49 28.3898697750836 90.91949053119491 4 4 1 -1 -1
6 50 27.6615834202277 99.22195497655224 4 4 1 -1 -1
6 51 54.899493091838565 99.07629770558106 4 4 1 -1 -1
6 52 65.09550205982126 133.4514136547798 4 4 1 -1 -1
6 55 49.36451679493369 110.291907570362 4 4 1 -1 -1
6 56 45.14045593676944 110.00059302841966 4 4 1 -1 -1
6 57 39.945346605463975 99.80458406043697 4 4 1 -1 -1
6 58 45.650256385168575 83.05399789875116 4 4 1 -1 -1
6 59 55.48212217572329 96.16315228615744 4 4 1 -1 -1
6 60 44.703484123855894 103.00904402180295 4 4 1 -1 -1
6 61 48.19925862716424 87.56937329885776 4 4 1 -1 -1
6 62 79.36991461499699 95.7261804732439 4 4 1 -1 -1
6 63 81.86689640307439 101.57327949365845 4 4 1 -1 -1
6 64 76.18973086545955 102.13318996568538 4 4 1 -1 -1
6 65 87.81803633132552 148.3084552938403 4 4 1 -1 -1
6 66 100.49021890581827 110.00059302841962 4 4 1 -1 -1
6 67 94.8095853379422 123.69237649971066 4 4 1 -1 -1
6 69 106.02519520272313 159.08709334570767 4 4 1 -1 -1
6 71 92.47906900240328 130.9752400482697 4 4 1 -1 -1
6 72 87.0897499764696 130.97524004826968 4 4 1 -1 -1
6 73 68.73693383410078 93.54132140867618 4 4 1 -1 -1
6 74 85.19620545384424 93.16677414046458 4 4 1 -1 -1
6 78 49.85004103150429 92.08474869896436 4 4 1 -1 -1
6 79 52.47187190898555 91.72060552153641 4 4 1 -1 -1
6 80 64.80418751787889 80.28650975029872 4 4 1 -1 -1
6 83 54.00474128444417 101.92701858030274 4 4 1 -1 -1
6 84 58.39526759514691 83.63662698263585 4 4 1 -1 -1
6 85 62.16154845883031 97.869423174677 4 4 1 -1 -1
6 87 85.14765303018717 86.35556270743123 4 4 1 -1 -1
6 88 65.56362912808875 94.62818227690506 4 4 1 -1 -1
6 91 74.8370274009588 86.89390156624525 4 4 1 -1 -1
6 92 84.49735466991524 97.51725211434999 4 4 1 -1 -1
6 93 82.06943139385149 150.33209596701226 4 4 1 -1 -1
6 94 46.17992278065009 128.59175710324791 4 4 1 -1 -1
6 95 103.3502463869869 119.11337751826433 4 4 1 -1 -1
6 98 18.598298356078395 85.00008553877022 4 4 1 -1 -1
6 102 80.13004323004 154.40957563783775 4 4 1 -1 -1
6 103 40.85332644121273 111.54531199446643 4 4 1 -1 -1
7 1 79.0598003544525 36.206708996968445 4 4 1 -1 -1
7 2 78.4043426350822 42.542800284214835 4 4 1 -1 -1
7 3 136.20427035702198 44.99580389731696 4 4 1 -1 -1
7 4 116.49684159462117 92.58203432360176 4 4 1 -1 -1
7 5 141.97229828748078 34.90175501901412 4 4 1 -1 -1
7 6 136.84516234929518 34.58130902287752 4 4 1 -1 -1
7 7 132.51914140145112 29.934842078896843 4 4 1 -1 -1
7 8 105.65602074951032 104.27131619921236 4 4 1 -1 -1
7 11 132.33863087102526 71.03743380299966 4 4 1 -1 -1
7 12 171.75944891755603 71.252043688385 4 4 1 -1 -1
7 13 176.27482431766265 71.68901550129854 4 4 1 -1 -1
7 18 181.92486286708572 106.1071575159126 4 4 1 -1 -1
7 19 128.66509617828657 34.17730519752166 4 4 1 -1 -1
7 20 145.3160829212945 30.00343210494556 4 4 1 -1 -1
7 21 131.05898752218508 20.68816158288416 4 4 1 -1 -1
7 22 126.68160898060205 22.548547463057023 4 4 1 -1 -1
7 23 79.45339416782815 8.068756295426024 4 4 1 -1 -1
7 24 29.524727674904064 4.159709027039568 4 4 1 -1 -1
7 25 28.33089716356318 9.332974576183359 4 4 1 -1 -1
7 32 57.91625239218743 9.974582503613094 4 4 1 -1 -1
7 34 27.13099292646424 14.977641752452895 4 4 1 -1 -1
7 36 25.383105674810064 18.473416255761254 4 4 1 -1 -1
7 37 10.671721306720771 34.204401520648815 4 4 1 -1 -1
7 38 62.76498572428234 65.86643992415176 4 4 1 -1 -1
7 39 58.395267595146905 66.74038354997887 4 4 1 -1 -1
7 40 70.41199245026935 57.8552900207368 4 4 1 -1 -1
7 43 19.286290339384788 88.8074601021128 4 4 1 -1 -1
7 44 34.07050334295967 85.89431468268918 4 4 1 -1 -1
7 45 30.866043381593684 73.87758982756674 4 4 1 -1 -1
7 46 38.440221472095104 70.67312986620075 4 4 1 -1 -1
7 47 51.840690401443766 74.46021891145145 4 4 1 -1 -1
7 48 42.88276823671612 78.68427976961573 4 4 1 -1 -1
7 49 28.098555233141237 92.81303505382027 4 4 1 -1 -1
7 50 28.244212504112426 100.2415558733505 4 4 1 -1 -1
7 51 57.08435215640628 100.67852768626405 4 4 1 -1 -1
7 52 65.24115933079244 134.32535728060688 4 4 1 -1 -1
7 54 49.51017406590487 105.04824581539948 4 4 1 -1 -1
7 55 48.85471634653456 110.43756484133318 4 4 1 -1 -1
7 56 44.7034841238559 109.27230667356375 4 4 1 -1 -1
7 57 39.75113691083573 99.80458406043697 4 4 1 -1 -1
7 58 45.72308502065416 82.61702608583762 4 4 1 -1 -1
7 59 57.157180791891875 98.7849831636387 4 4 1 -1 -1
7 60 44.820009940632836 103.09643838438566 4 4 1 -1 -1
7 61 49.00037361750574 88.51614556017043 4 4 1 -1 -1
7 62 79.36991461499699 97.18275318295571 4 4 1 -1 -1
7 63 81.53232798631983 101.38912105949412 4 4 1 -1 -1
7 64 76.01979738265983 103.00904402180295 4 4 1 -1 -1
7 65 87.81803633132552 148.67259847126826 4 4 1 -1 -1
7 66 99.61627527999119 112.03979482201613 4 4 1 -1 -1
7 67 93.78998444114393 124.85763466748011 4 4 1 -1 -1
7 69 106.17085247369431 157.63052063599588 4 4 1 -1 -1
7 71 92.47906900240328 132.4318127579815 4 4 1 -1 -1
7 72 86.79843543452725 133.1600991128374 4 4 1 -1 -1
7 73 68.73693383410078 93.34711171404794 4 4 1 -1 -1
7 74 85.34186272481541 93.2083905035992 4 4 1 -1 -1
7 78 50.09280314978959 92.23040596993555 4 4 1 -1 -1
7 79 52.71463402727085 91.93909142799318 4 4 1 -1 -1
7 80 65.09550205982126 80.94196746966904 4 4 1 -1 -1
7 83 53.6926185609345 101.86459403560082 4 4 1 -1 -1
7 84 58.97789667903164 84.51057060846294 4 4 1 -1 -1
7 85 62.09912391412838 97.74457408527311 4 4 1 -1 -1
7 87 85.53607241944366 86.16135301280299 4 4 1 -1 -1
7 88 65.58082597235926 94.50780436701153 4 4 1 -1 -1
7 91 74.92731083337895 86.9841849986654 4 4 1 -1 -1
7 92 84.01584303034107 97.75800793413705 4 4 1 -1 -1
7 93 82.99634130003173 151.78866867672411 4 4 1 -1 -1
7 94 45.38403577308951 127.99484184757746 4 4 1 -1 -1
7 95 104.76947046039126 117.12646381549821 4 4 1 -1 -1
7 98 18.34719771548471 85.87893778084808 4 4 1 -1 -1
7 102 81.96822546950597 156.9830307730901 4 4 1 -1 -1
7 103 40.57711573655969 111.54531199446643 4 4 1 -1 -1
8 1 79.1326289899381 35.988223090511674 4 4 1 -1 -1
8 2 78.18585672862542 42.17865710678688 4 4 1 -1 -1
8 3 131.0771344188364 38.42666097651669 4 4 1 -1 -1
8 4 118.90018656564565 83.28910043564039 4 4 1 -1 -1
8 5 136.52471635315862 30.57573407117004 4 4 1 -1 -1
8 6 131.7180264111096 31.056403065374937 4 4 1 -1 -1
8 7 126.75111347099235 25.929267127189362 4 4 1 -1 -1
8 8 102.77093034710322 111.53378514320268 4 4 1 -1 -1
8 11 135.4027958501335 63.1581524281499 4 4 1 -1 -1
8 12 167.2440735174494 66.59101101730721 4 4 1 -1 -1
8 13 172.63339254338314 65.42575284953776 4 4 1 -1 -1
8 18 176.3026378648691 99.12784372005748 4 4 1 -1 -1
8 19 123.56709169429524 29.66192979741505 4 4 1 -1 -1
8 20 138.936053696937 24.827181979523424 4 4 1 -1 -1
8 21 126.35330558998312 16.0919141142218 4 4 1 -1 -1
8 22 121.75705812132094 18.061734457934243 4 4 1 -1 -1
8 23 71.02694047528048 6.317804878792742 4 4 1 -1 -1
8 24 23.854032746034914 3.7617655232592764 4 4 1 -1 -1
8 25 22.958659862529252 7.741200561062195 4 4 1 -1 -1
8 32 49.70647893744814 9.047672597432852 4 4 1 -1 -1
8 34 20.13944391984755 13.812383584683445 4 4 1 -1 -1
8 36 18.828528481106915 17.016843546049444 4 4 1 -1 -1
8 37 15.187096706827381 42.943837778919686 4 4 1 -1 -1
8 38 62.47367118233998 65.42946811123822 4 4 1 -1 -1
8 39 59.123553950002815 66.88604082095006 4 4 1 -1 -1
8 40 70.33916381478377 57.709632749765625 4 4 1 -1 -1
8 43 19.796090787783925 90.04554690536784 4 4 1 -1 -1
8 44 35.818390594613845 89.89988963439666 4 4 1 -1 -1
8 45 31.88564427839195 80.2865097502987 4 4 1 -1 -1
8 46 41.06205234957636 73.29496074368201 4 4 1 -1 -1
8 47 54.899493091838565 79.70388066641397 4 4 1 -1 -1
8 48 42.809939601230525 79.99519520835635 4 4 1 -1 -1
8 49 27.22461160731415 99.36761224752343 4 4 1 -1 -1
8 50 30.866043381593684 104.90258854442831 4 4 1 -1 -1
8 51 59.997497575829904 107.087447608996 4 4 1 -1 -1
8 52 65.96944568564835 137.2385027000305 4 4 1 -1 -1
8 54 51.840690401443766 108.98099213162138 4 4 1 -1 -1
8 55 48.344915898135426 110.58322211230437 4 4 1 -1 -1
8 56 44.26651231094235 108.54402031870785 4 4 1 -1 -1
8 57 39.91760236337423 99.95024133140815 4 4 1 -1 -1
8 58 46.01439956259652 84.21925606652061 4 4 1 -1 -1
8 59 58.83223940806046 101.40681404111996 4 4 1 -1 -1
8 60 44.936535757409786 103.18383274696836 4 4 1 -1 -1
8 61 49.80148860784723 89.4629178214831 4 4 1 -1 -1
8 62 79.66122915693936 100.67852768626406 4 4 1 -1 -1
8 63 82.28306003442061 103.73733037665885 4 4 1 -1 -1
8 64 76.74808373751574 106.94179033802484 4 4 1 -1 -1
8 65 87.81803633132552 149.0367416486962 4 4 1 -1 -1
8 66 98.45101711222173 120.05094472543108 4 4 1 -1 -1
8 67 94.22695625405747 128.93603825467318 4 4 1 -1 -1
8 69 105.58822338980958 151.65857252617747 4 4 1 -1 -1
8 70 101.94679161553006 152.53251615200452 4 4 1 -1 -1
8 71 95.39221442182689 137.2385027000305 4 4 1 -1 -1
8 72 88.98329449909497 138.5494181387711 4 4 1 -1 -1
8 73 68.73693383410078 93.1529020194197 4 4 1 -1 -1
8 74 85.4875199957866 93.25000686673383 4 4 1 -1 -1
8 78 52.13200494338612 95.72618047324389 4 4 1 -1 -1
8 79 54.31686400795384 94.26960776353206 4 4 1 -1 -1
8 80 65.38681660176361 81.59742518903934 4 4 1 -1 -1
8 83 53.380495837424824 101.80216949089888 4 4 1 -1 -1
8 84 60.72578393068581 85.96714331817475 4 4 1 -1 -1
8 85 62.036699369426444 97.61972499586925 4 4 1 -1 -1
8 87 85.92449180870014 85.96714331817475 4 4 1 -1 -1
8 88 65.59802281662976 94.387426457118 4 4 1 -1 -1
8 91 75.0175942657991 87.07446843108556 4 4 1 -1 -1
8 92 83.53433139076692 97.99876375392414 4 4 1 -1 -1
8 93 85.77707101857246 157.0852967120398 4 4 1 -1 -1
8 94 44.98609226930922 127.49741246785212 4 4 1 -1 -1
8 95 108.7432978659235 110.5980330778381 4 4 1 -1 -1
8 98 18.347197715484707 87.0088906635196 4 4 1 -1 -1
8 102 84.7254988287049 161.21084992386182 4 4 1 -1 -1
8 103 40.30090503190666 111.54531199446643 4 4 1 -1 -1
9 1 79.1326289899381 35.25993673565577 4 4 1 -1 -1
9 2 77.96737082216866 41.814513929358924 4 4 1 -1 -1
9 3 125.46932948644593 32.017741053784725 4 4 1 -1 -1
9 4 121.94442352894333 73.67572055154243 4 4 1 -1 -1
9 5 129.47490443815346 24.64748314264297 4 4 1 -1 -1
9 6 125.62955248451424 24.487260144574673 4 4 1 -1 -1
9 7 117.1377335868944 20.802131189003788 4 4 1 -1 -1
9 8 102.37368324445455 120.00838999970776 4 4 1 -1 -1
9 11 136.16883709491054 52.32414053773147 4 4 1 -1 -1
9 12 163.02001265928516 61.05603472040234 4 4 1 -1 -1
9 13 167.53538805939178 59.7451192816617 4 4 1 -1 -1
9 18 171.2620223456404 91.37305061355181 4 4 1 -1 -1
9 19 118.61474448127508 26.603127107020242 4 4 1 -1 -1
9 20 132.31526865279238 18.92866439474006 4 4 1 -1 -1
9 21 122.96083722025612 11.60510110909902 4 4 1 -1 -1
9 22 118.91176206929185 11.49566664555944 4 4 1 -1 -1
9 23 59.75519073070374 4.12911560800114 4 4 1 -1 -1
9 24 14.999789786923438 2.269477384083185 4 4 1 -1 -1
9 25 15.298247414758649 5.8509689181058135 4 4 1 -1 -1
9 26 73.14405799372 3.8834602630000674 4 4 1 -1 -1
9 32 40.83462697829438 8.253178392135501 4 4 1 -1 -1
9 34 9.943434951864875 13.375411771769901 4 4 1 -1 -1
9 36 9.506463138951325 16.72552900410708 4 4 1 -1 -1
9 37 18.53721393916454 50.95498768233465 4 4 1 -1 -1
9 38 63.00774784256764 66.35196416072237 4 4 1 -1 -1
9 39 59.997497575829904 68.34261353066186 4 4 1 -1 -1
9 40 70.26633517929818 57.56397547879445 4 4 1 -1 -1
9 44 36.255362407527386 93.68697867964735 4 4 1 -1 -1
9 45 32.17695882033431 85.38451423429004 4 4 1 -1 -1
9 46 42.372967788316984 75.91679162116328 4 4 1 -1 -1
9 47 56.064751259608016 82.03439700195287 4 4 1 -1 -1
9 48 45.43177047871178 81.01479610515463 4 4 1 -1 -1
9 49 26.49632525245824 95.43486593130153 4 4 1 -1 -1
9 50 30.42907156868014 104.3199594605436 4 4 1 -1 -1
9 51 63.34761480816707 114.66162569949742 4 4 1 -1 -1
9 52 66.11510295661954 137.82113178391523 4 4 1 -1 -1
9 54 52.86029129824203 114.07899661561271 4 4 1 -1 -1
9 55 48.170127172970005 110.40843338713896 4 4 1 -1 -1
9 56 44.217959887285296 107.96139123482313 4 4 1 -1 -1
9 57 40.08406781591272 100.09589860237932 4 4 1 -1 -1
9 58 47.47097227230833 86.84108694400187 4 4 1 -1 -1
9 59 65.38681660176361 107.52441942190956 4 4 1 -1 -1
9 60 45.05306157418673 103.27122710955108 4 4 1 -1 -1
9 61 51.98634767241495 92.81303505382027 4 4 1 -1 -1
9 62 85.63317726675778 105.92218944122658 4 4 1 -1 -1
9 63 83.44831820219007 110.58322211230436 4 4 1 -1 -1
9 64 77.76768463431401 113.496367531728 4 4 1 -1 -1
9 65 87.52672178938316 150.05634254549446 4 4 1 -1 -1
9 66 96.12050077668283 127.4794655449613 4 4 1 -1 -1
9 67 95.39221442182692 134.61667182254925 4 4 1 -1 -1
9 69 107.04479609952139 143.93873716470483 4 4 1 -1 -1
9 70 103.98599340912659 145.1039953324743 4 4 1 -1 -1
9 71 99.03364619610642 142.33650718402183 4 4 1 -1 -1
9 72 91.89643991851858 145.5409671453878 4 4 1 -1 -1
9 73 68.73693383410078 92.95869232479146 4 4 1 -1 -1
9 74 86.21580635064251 94.41526503450328 4 4 1 -1 -1
9 78 53.73423492406911 98.6393258926675 4 4 1 -1 -1
9 79 56.06475125960801 96.74578137004214 4 4 1 -1 -1
9 80 65.96944568564834 83.34531244069352 4 4 1 -1 -1
9 83 53.06837311391515 101.73974494619695 4 4 1 -1 -1
9 84 60.667521022297336 85.8506175013978 4 4 1 -1 -1
9 85 61.89104209845526 97.51048204264086 4 4 1 -1 -1
9 87 89.12895177006612 89.89988963439663 4 4 1 -1 -1
9 88 65.03625923712659 93.98616675747287 4 4 1 -1 -1
9 91 75.10787769821926 87.16475186350571 4 4 1 -1 -1
9 92 83.29357557097984 97.15611838466938 4 4 1 -1 -1
9 94 44.687634641474006 127.3481836539345 4 4 1 -1 -1
9 95 113.85250453017923 100.66346456400748 4 4 1 -1 -1
9 98 17.468345473406867 87.0088906635196 4 4 1 -1 -1
9 103 38.781746156314966 111.95962805144597 4 4 1 -1 -1
10 1 78.95055740122412 35.25993673565577 4 4 1 -1 -1
10 2 77.7488849157119 41.74168529387333 4 4 1 -1 -1
10 3 123.22620751348973 30.575734071170032 4 4 1 -1 -1
10 4 123.06598451542143 70.95192958438133 4 4 1 -1 -1
10 5 128.19312045360707 23.045253161959977 4 4 1 -1 -1
10 6 124.18754550189954 23.36569915809658 4 4 1 -1 -1
10 7 114.7343886158699 19.840793200593993 4 4 1 -1 -1
10 8 102.37368324445455 122.25945691471692 4 4 1 -1 -1
10 11 136.3877060219897 49.36941002216281 4 4 1 -1 -1
10 12 162.14606903345808 60.03643382360408 4 4 1 -1 -1
10 13 166.66144443356467 58.57986111389226 4 4 1 -1 -1
10 18 170.09880337966456 90.20983164757595 4 4 1 -1 -1
10 19 116.57554268767855 24.855239855366065 4 4 1 -1 -1
10 20 130.62997791428285 17.84526320569822 4 4 1 -1 -1
10 21 122.19479597547904 10.18245308308448 4 4 1 -1 -1
10 22 118.03628636097521 10.073018619544898 4 4 1 -1 -1
10 23 57.45706699637255 4.12911560800114 4 4 1 -1 -1
10 24 14.00493102747271 1.2746186246324562 4 4 1 -1 -1
10 25 13.50750164774734 5.055081910545232 4 4 1 -1 -1
10 26 71.95231668577397 5.472448673594769 4 4 1 -1 -1
10 32 38.18631296063654 8.518009793901285 4 4 1 -1 -1
10 34 8.195547700210698 13.52106904274108 4 4 1 -1 -1
10 36 7.4672613453547925 16.871186275078262 4 4 1 -1 -1
10 37 19.119843023049267 52.1202458501041 4 4 1 -1 -1
10 38 63.5418245027953 67.27446021020651 4 4 1 -1 -1
10 39 60.72578393068581 69.5078716984313 4 4 1 -1 -1
10 40 70.19350654381259 57.41831820782326 4 4 1 -1 -1
10 44 36.83799149141211 94.26960776353208 4 4 1 -1 -1
10 45 32.32261609130549 86.11280058914595 4 4 1 -1 -1
10 46 43.538225956086436 76.79073524699038 4 4 1 -1 -1
10 47 56.57455170800715 82.10722563743846 4 4 1 -1 -1
10 48 46.087228198082094 82.90834062777998 4 4 1 -1 -1
10 49 26.787639794400604 97.47406772489808 4 4 1 -1 -1
10 50 30.42907156868014 104.14517073537819 4 4 1 -1 -1
10 51 63.638929350109436 115.53556932532449 4 4 1 -1 -1
10 52 66.11510295661954 137.2385027000305 4 4 1 -1 -1
10 54 52.42331948532849 114.95294024143979 4 4 1 -1 -1
10 55 47.99533844780459 110.23364466197354 4 4 1 -1 -1
10 56 44.16940746362823 107.3787621509384 4 4 1 -1 -1
10 57 40.250533268451214 100.2415558733505 4 4 1 -1 -1
10 58 47.76228681425069 87.4237160278866 4 4 1 -1 -1
10 59 65.96944568564834 109.70927848647727 4 4 1 -1 -1
10 60 45.16958739096368 103.35862147213378 4 4 1 -1 -1
10 61 52.714634027270854 94.05112185707532 4 4 1 -1 -1
10 62 86.79843543452724 106.35916125414012 4 4 1 -1 -1
10 63 84.32226182801715 112.91373844784326 4 4 1 -1 -1
10 64 78.20465644722755 115.09859751241099 4 4 1 -1 -1
10 65 87.2354072474408 149.7650280035521 4 4 1 -1 -1
10 66 95.39221442182692 128.93603825467312 4 4 1 -1 -1
10 67 96.12050077668283 136.51021634517463 4 4 1 -1 -1
10 69 107.04479609952139 140.87993447431006 4 4 1 -1 -1
10 70 104.13165068009778 143.06479353887778 4 4 1 -1 -1
10 71 98.74233165416406 143.3561080808201 4 4 1 -1 -1
10 72 93.06169808628803 146.70622531315726 4 4 1 -1 -1
10 73 68.44561929215843 93.61415004416176 4 4 1 -1 -1
10 74 85.92148236095281 94.76977797913975 4 4 1 -1 -1
10 78 55.336464904752106 100.89701359272081 4 4 1 -1 -1
10 79 58.03112441771896 98.6393258926675 4 4 1 -1 -1
10 80 65.96944568564834 84.2192560665206 4 4 1 -1 -1
10 83 52.75625039040548 101.67732040149501 4 4 1 -1 -1
10 84 60.609258113908865 85.73409168462086 4 4 1 -1 -1
10 85 61.74538482748408 97.40123908941248 4 4 1 -1 -1
10 87 89.12895177006612 90.33686144731017 4 4 1 -1 -1
10 88 64.47449565762341 93.58490705782773 4 4 1 -1 -1
10 91 76.3718457521014 87.70645245802663 4 4 1 -1 -1
10 92 83.83527616550074 97.03574047477585 4 4 1 -1 -1
10 94 44.389177013638786 127.19895484001688 4 4 1 -1 -1
10 95 114.42019415954098 97.82501641719874 4 4 1 -1 -1
10 98 17.311407573035822 86.91472792329697 4 4 1 -1 -1
10 103 38.229324747008896 111.9135929340038 4 4 1 -1 -1
11 1 78.76848581251014 35.25993673565577 4 4 1 -1 -1
11 2 77.53039900925512 41.66885665838774 4 4 1 -1 -1
11 3 115.69572660427966 28.492835096282143 4 4 1 -1 -1
11 4 125.14888349030932 62.78055668289807 4 4 1 -1 -1
11 5 123.54665350962638 18.719232214115898 4 4 1 -1 -1
11 6 119.22063256178225 18.398786217979303 4 4 1 -1 -1
11 7 106.72323871245494 16.31588724309141 4 4 1 -1 -1
11 8 101.04952623562563 128.88024195886152 4 4 1 -1 -1
11 11 134.1990167511981 41.271259720233886 4 4 1 -1 -1
11 12 157.63069363335146 55.812372965439835 4 4 1 -1 -1
11 13 162.29172630442923 54.06448571378564 4 4 1 -1 -1
11 18 164.47657837744794 83.23051785172083 4 4 1 -1 -1
11 19 111.76885274562957 23.253009874683073 4 4 1 -1 -1
11 20 125.93523942843487 13.391280539637313 4 4 1 -1 -1
11 21 120.2249756317666 5.586205614422118 4 4 1 -1 -1
11 22 116.06646601726277 4.382426515486737 4 4 1 -1 -1
11 23 49.687220085062364 1.2838195559720589 4 4 1 -1 -1
11 24 7.93629259482327 0.47873161707187073 4 4 1 -1 -1
11 25 7.637834966988047 4.458166654874795 4 4 1 -1 -1
11 26 67.71501425752142 10.504245307144664 4 4 1 -1 -1
11 27 73.2764736946029 8.915256896549959 4 4 1 -1 -1
11 28 64.27220603456624 5.604864374477662 4 4 1 -1 -1
11 29 59.63765650366503 8.782841195667066 4 4 1 -1 -1
11 32 30.37378660854592 7.723515588603933 4 4 1 -1 -1
11 37 22.906932068299977 57.80087941798016 4 4 1 -1 -1
11 38 64.07590116302296 68.19695625969067 4 4 1 -1 -1
11 39 61.45407028554171 70.67312986620075 4 4 1 -1 -1
11 40 69.97502063735581 57.1270036658809 4 4 1 -1 -1
11 41 5.0847064196946326 63.24460904667052 4 4 1 -1 -1
11 42 1.4432746454151058 67.46866990483477 4 4 1 -1 -1
11 44 38.00324965918156 95.28920866033036 4 4 1 -1 -1
11 45 34.50747515587321 89.75423236342547 4 4 1 -1 -1
11 46 44.70348412385589 77.66467887281746 4 4 1 -1 -1
11 47 57.08435215640628 82.18005427292405 4 4 1 -1 -1
11 48 46.742685917452405 84.80188515040534 4 4 1 -1 -1
11 49 27.078954336342964 99.51326951849461 4 4 1 -1 -1
11 50 30.42907156868014 103.97038201021277 4 4 1 -1 -1
11 51 64.94984478885007 121.07054562222937 4 4 1 -1 -1
11 52 66.11510295661954 136.65587361614578 4 4 1 -1 -1
11 54 51.986347672414944 115.82688386726689 4 4 1 -1 -1
11 55 47.82054972263917 110.05885593680813 4 4 1 -1 -1
11 56 44.120855039971175 106.79613306705367 4 4 1 -1 -1
11 57 40.4169987209897 100.38721314432169 4 4 1 -1 -1
11 58 49.364516794933685 90.77383326022377 4 4 1 -1 -1
11 59 69.02824837604314 116.11819840920924 4 4 1 -1 -1
11 60 45.28611320774062 103.44601583471649 4 4 1 -1 -1
11 61 53.44292038212676 95.28920866033036 4 4 1 -1 -1
11 62 90.73118175074913 112.47676663492973 4 4 1 -1 -1
11 63 85.19620545384423 117.72042838989225 4 4 1 -1 -1
11 64 80.38951551179527 120.63357380931588 4 4 1 -1 -1
11 65 86.94409270549843 149.47371346160975 4 4 1 -1 -1
11 66 95.10089987988457 134.03404273866445 4 4 1 -1 -1
11 67 97.72273075736582 141.02559174528125 4 4 1 -1 -1
11 69 105.73388066078076 135.49061544837636 4 4 1 -1 -1
11 70 103.69467886718424 137.67547451294408 4 4 1 -1 -1
11 71 101.21850526067414 147.28885439704197 4 4 1 -1 -1
11 72 97.57707348639465 149.4737134616097 4 4 1 -1 -1
11 73 68.15430475021606 94.26960776353208 4 4 1 -1 -1
11 74 85.62715837126309 95.12429092377623 4 4 1 -1 -1
11 75 73.83493831809211 86.54977240205949 4 4 1 -1 -1
11 78 56.9386948854351 103.15470129277412 4 4 1 -1 -1
11 79 59.9974975758299 100.53287041529285 4 4 1 -1 -1
11 80 65.96944568564834 85.38451423429005 4 4 1 -1 -1
11 83 52.4441276668958 101.61489585679308 4 4 1 -1 -1
11 84 60.55099520552039 85.61756586784391 4 4 1 -1 -1
11 85 61.5997275565129 97.2919961361841 4 4 1 -1 -1
11 86 70.92179289866849 90.48251871828138 4 4 1 -1 -1
11 87 91.45946810560503 94.26960776353206 4 4 1 -1 -1
11 88 63.91273207812023 93.18364735818261 4 4 1 -1 -1
11 91 77.63581380598355 88.24815305254756 4 4 1 -1 -1
11 92 84.37697676002166 96.91536256488232 4 4 1 -1 -1
11 94 44.09071938580357 126.90049721218165 4 4 1 -1 -1
11 95 116.12326304762624 90.72889605017689 4 4 1 -1 -1
11 98 17.15446967266478 86.82056518307435 4 4 1 -1 -1
11 103 37.676903337702825 111.86755781656161 4 4 1 -1 -1
12 1 78.58641422379617 35.25993673565577 4 4 1 -1 -1
12 2 77.53039900925512 41.85092824710172 4 4 1 -1 -1
12 3 113.77305062746007 28.492835096282143 4 4 1 -1 -1
12 4 126.75111347099231 59.73631971960039 4 4 1 -1 -1
12 5 122.58531552121659 17.117002233432906 4 4 1 -1 -1
12 6 118.73996356757735 16.476110241159713 4 4 1 -1 -1
12 7 104.80056273563534 15.194326256613316 4 4 1 -1 -1
12 8 99.9902006285625 130.86647747210492 4 4 1 -1 -1
12 11 133.5424099699606 38.86370152236313 4 4 1 -1 -1
12 12 156.31977819461082 53.627513900872124 4 4 1 -1 -1
12 13 161.1264681366598 52.170941191160296 4 4 1 -1 -1
12 18 163.3133594114721 81.6795592304197 4 4 1 -1 -1
12 19 111.76885274562957 22.524723519827166 4 4 1 -1 -1
12 20 125.81486151854132 12.669013080276084 4 4 1 -1 -1
12 21 120.11554116822703 4.272992051947158 4 4 1 -1 -1
12 22 114.75325245478781 2.5220406353138767 4 4 1 -1 -1
12 23 48.81174437674572 1.0649506288928947 4 4 1 -1 -1
12 24 6.941433835372541 0.9761609967972333 4 4 1 -1 -1
12 25 6.344518579702099 4.7566242827100105 4 4 1 -1 -1
12 26 66.65568865045827 11.828402315973587 4 4 1 -1 -1
12 27 72.34956378842266 11.69598661509069 4 4 1 -1 -1
12 28 63.345296128385996 8.385594093018394 4 4 1 -1 -1
12 29 58.5783308966019 11.033908110676228 4 4 1 -1 -1
12 32 28.519966796185436 8.385594093018392 4 4 1 -1 -1
12 37 23.999361600583835 60.64119620191819 4 4 1 -1 -1
12 38 64.65853024690769 69.07089988551775 4 4 1 -1 -1
12 39 61.45407028554171 70.96444440814312 4 4 1 -1 -1
12 40 69.75653473089905 56.835689123938536 4 4 1 -1 -1
12 41 7.706537297175891 64.11855267249761 4 4 1 -1 -1
12 42 2.754190084155735 69.21655715648893 4 4 1 -1 -1
12 44 37.9546972355245 95.58052320227272 4 4 1 -1 -1
12 45 35.23576151072911 89.75423236342547 4 4 1 -1 -1
12 46 44.99479866579825 78.9755943115581 4 4 1 -1 -1
12 47 57.375666698348645 82.32571154389524 4 4 1 -1 -1
12 48 47.32531500133713 86.18562922463155 4 4 1 -1 -1
12 49 27.078954336342964 99.51326951849461 4 4 1 -1 -1
12 50 30.429071568680136 103.79559328504735 4 4 1 -1 -1
12 51 65.60530250822039 122.52711833194118 4 4 1 -1 -1
12 52 65.82378841467718 136.36455907420344 4 4 1 -1 -1
12 54 51.5493758595014 115.6812265962957 4 4 1 -1 -1
12 55 47.64576099747376 109.88406721164272 4 4 1 -1 -1
12 56 44.01161208674279 106.68689011382529 4 4 1 -1 -1
12 57 40.5834641735282 100.53287041529288 4 4 1 -1 -1
12 58 50.38411769173195 91.3564623441085 4 4 1 -1 -1
12 59 69.61087745992786 117.42911384794988 4 4 1 -1 -1
12 60 44.99479866579826 103.08187265728853 4 4 1 -1 -1
12 61 53.33367742889837 95.14355138935917 4 4 1 -1 -1
12 62 91.31381083463386 113.20505298978564 4 4 1 -1 -1
12 63 85.34186272481541 118.44871474474816 4 4 1 -1 -1
12 64 80.97214459567999 121.94448924805651 4 4 1 -1 -1
12 65 86.65277816355608 149.18239891966738 4 4 1 -1 -1
12 66 94.95524260891338 134.47101455157798 4 4 1 -1 -1
12 67 98.88798892513528 141.4625635581948 4 4 1 -1 -1
12 69 106.1708524736943 131.4122118611833 4 4 1 -1 -1
12 70 102.96639251232833 134.61667182254928 4 4 1 -1 -1
12 71 101.21850526067414 148.16279802286905 4 4 1 -1 -1
12 72 98.8151602896497 150.85745753583592 4 4 1 -1 -1
12 73 68.73693383410078 95.14355138935916 4 4 1 -1 -1
12 74 85.62715837126309 95.12429092377623 4 4 1 -1 -1
12 75 75.36433966328951 88.37048828919924 4 4 1 -1 -1
12 78 58.54092486611809 104.1743021895724 4 4 1 -1 -1
12 79 61.89104209845525 101.55247131209111 4 4 1 -1 -1
12 80 65.96944568564834 86.25845786011713 4 4 1 -1 -1
12 83 52.13200494338613 101.55247131209114 4 4 1 -1 -1
12 84 60.492732297131916 85.50104005106697 4 4 1 -1 -1
12 85 61.45407028554172 97.18275318295571 4 4 1 -1 -1
12 86 71.94139379546675 91.28363370862289 4 4 1 -1 -1
12 87 91.75078264754738 95.43486593130153 4 4 1 -1 -1
12 88 64.09329894296053 93.36421422302291 4 4 1 -1 -1
12 91 78.59883708513185 88.24815305254756 4 4 1 -1 -1
12 92 83.9255595979209 96.58432331267508 4 4 1 -1 -1
12 94 43.79226175796835 126.60203958434643 4 4 1 -1 -1
12 95 116.97479749166887 87.03891345932551 4 4 1 -1 -1
12 98 16.997531772293737 86.72640244285174 4 4 1 -1 -1
12 101 5.072307998391105 54.16572336147742 4 4 1 -1 -1
12 103 37.124481928396754 111.82152269911944 4 4 1 -1 -1
13 1 78.40434263508219 35.25993673565577 4 4 1 -1 -1
13 2 77.53039900925512 42.032999835815694 4 4 1 -1 -1
13 3 105.4414547279085 25.92926712718936 4 4 1 -1 -1
13 4 128.5135664497436 51.72516981618543 4 4 1 -1 -1
13 5 118.41951757144079 11.989866295247332 4 4 1 -1 -1
13 6 115.05483461200646 10.708082310700942 4 4 1 -1 -1
13 7 96.46896683608378 12.790981285588828 4 4 1 -1 -1
13 8 98.93087502149936 134.04445429329434 4 4 1 -1 -1
13 11 129.49333481899615 31.969330319369586 4 4 1 -1 -1
13 12 151.51308825256183 49.40345304270788 4 4 1 -1 -1
13 13 156.6110927365532 47.36425124911132 4 4 1 -1 -1
13 16 181.34325338409784 84.78147647302201 4 4 1 -1 -1
13 17 182.1187326947484 81.09794974743181 4 4 1 -1 -1
13 18 160.21144216886984 72.9554169856008 4 4 1 -1 -1
13 19 108.12742097135003 20.048549913317085 4 4 1 -1 -1
13 20 123.16654750088348 5.927850126237953 4 4 1 -1 -1
13 26 64.40462173544911 16.06570474422613 4 4 1 -1 -1
13 27 69.03917126635037 17.12503035128926 4 4 1 -1 -1
13 28 60.56456640984527 14.211884931865637 4 4 1 -1 -1
13 29 56.19484828070985 17.389861753055037 4 4 1 -1 -1
13 32 21.899181752040846 7.591099887721041 4 4 1 -1 -1
13 37 25.091791132867694 63.48151298585623 4 4 1 -1 -1
13 38 64.85273994153593 69.45931927477423 4 4 1 -1 -1
13 39 61.454070285541704 71.25575895008548 4 4 1 -1 -1
13 40 69.68370609541346 56.641479429310294 4 4 1 -1 -1
13 41 11.056654529513061 68.34261353066186 4 4 1 -1 -1
13 42 8.143509110089436 73.294960743682 4 4 1 -1 -1
13 44 37.90614481186744 95.87183774421509 4 4 1 -1 -1
13 45 35.3814187817003 90.23975659999608 4 4 1 -1 -1
13 46 45.577427749682975 82.0343970019529 4 4 1 -1 -1
13 47 57.66698124029101 82.47136881486642 4 4 1 -1 -1
13 48 47.90794408522186 87.56937329885777 4 4 1 -1 -1
13 49 27.078954336342964 99.51326951849461 4 4 1 -1 -1
13 50 30.429071568680136 103.62080455988193 4 4 1 -1 -1
13 51 66.26076022759071 123.983691041653 4 4 1 -1 -1
13 52 65.53247387273481 136.07324453226107 4 4 1 -1 -1
13 54 50.8210895046455 115.82688386726689 4 4 1 -1 -1
13 55 47.47097227230834 109.7092784864773 4 4 1 -1 -1
13 56 43.902369133514405 106.57764716059691 4 4 1 -1 -1
13 57 40.74992962606669 100.67852768626405 4 4 1 -1 -1
13 58 50.82108950464549 92.37606324090676 4 4 1 -1 -1
13 59 71.35876471158204 121.9444892480565 4 4 1 -1 -1
13 61 53.22443447566999 94.99789411838799 4 4 1 -1 -1
13 62 92.91604081531685 118.44871474474816 4 4 1 -1 -1
13 63 88.10935087326786 121.2162028932006 4 4 1 -1 -1
13 64 81.55477367956472 126.31420737719193 4 4 1 -1 -1
13 65 86.5071208925849 147.87148348092674 4 4 1 -1 -1
13 66 95.24655715085574 137.96678905488633 4 4 1 -1 -1
13 67 100.05324709290473 144.66702351956081 4 4 1 -1 -1
13 69 102.67507797038596 126.0228928352496 4 4 1 -1 -1
13 70 101.94679161553006 129.37301006758676 4 4 1 -1 -1
13 71 105.00559430592484 150.9302861713215 4 4 1 -1 -1
13 72 100.05324709290474 152.24120161006215 4 4 1 -1 -1
13 73 67.71733293730252 96.45446682809978 4 4 1 -1 -1
13 74 85.62715837126309 95.12429092377623 4 4 1 -1 -1
13 75 76.89374100848691 90.19120417633901 4 4 1 -1 -1
13 78 62.3280139113688 107.08744760899603 4 4 1 -1 -1
13 79 64.51287297593652 102.42641493791821 4 4 1 -1 -1
13 80 65.38681660176361 87.56937329885776 4 4 1 -1 -1
13 83 52.13200494338613 100.96984222820642 4 4 1 -1 -1
13 84 60.434469388743445 85.38451423429002 4 4 1 -1 -1
13 85 60.87144120165699 96.74578137004217 4 4 1 -1 -1
13 86 72.96099469226502 92.08474869896438 4 4 1 -1 -1
13 87 92.33341173143211 98.34801135072514 4 4 1 -1 -1
13 88 64.27386580780083 93.54478108786323 4 4 1 -1 -1
13 91 83.29357557097983 88.6092867822282 4 4 1 -1 -1
13 92 83.47414243582011 96.25328406046785 4 4 1 -1 -1
13 94 43.39431825418806 126.00512432867599 4 4 1 -1 -1
13 95 118.39402156507325 78.80741383358016 4 4 1 -1 -1
13 98 16.840593871922692 86.6322397026291 4 4 1 -1 -1
13 101 7.654878086896995 60.39427475140337 4 4 1 -1 -1
13 103 36.572060519090684 111.26910128981336 4 4 1 -1 -1
14 1 78.44075695282498 35.15069378242738 4 4 1 -1 -1
14 2 77.53039900925512 42.21507142452967 4 4 1 -1 -1
14 3 102.55744076267911 24.967929138779564 4 4 1 -1 -1
14 4 129.47490443815337 49.48204784322924 4 4 1 -1 -1
14 5 118.0990715753042 10.547859312632639 4 4 1 -1 -1
14 6 114.57416561780155 8.625183335813052 4 4 1 -1 -1
14 7 94.22584486312758 11.829643297179032 4 4 1 -1 -1
14 8 99.59295352591383 134.97136419947458 4 4 1 -1 -1
14 11 127.85181786590245 30.108944439196726 4 4 1 -1 -1
14 12 150.49348735576356 48.5295094168808 4 4 1 -1 -1
14 13 155.30017729781258 46.0533358103707 4 4 1 -1 -1
14 16 179.01681545214615 81.87342905808238 4 4 1 -1 -1
14 17 179.98616459045934 78.57764198781746 4 4 1 -1 -1
14 18 159.048223202894 70.04736957066117 4 4 1 -1 -1
14 19 107.69044915843648 19.61157810040354 4 4 1 -1 -1
14 20 123.28692541077703 4.603693117409032 4 4 1 -1 -1
14 26 63.61012753015176 17.522277453937946 4 4 1 -1 -1
14 27 67.71501425752145 20.038175770712883 4 4 1 -1 -1
14 28 59.372825101899245 16.065704744226124 4 4 1 -1 -1
14 29 54.60585987011515 19.508512967181307 4 4 1 -1 -1
14 30 64.40462173544914 2.4268875532882572 4 4 1 -1 -1
14 31 61.09422921337684 2.4268875532882572 4 4 1 -1 -1
14 32 20.70744044409482 7.591099887721043 4 4 1 -1 -1
14 37 25.74724885223801 64.35545661168331 4 4 1 -1 -1
14 38 65.04694963616417 69.84773866403071 4 4 1 -1 -1
14 39 61.454070285541704 71.54707349202785 4 4 1 -1 -1
14 40 69.61087745992786 56.44726973468205 4 4 1 -1 -1
14 41 11.93059815534015 69.94484351134486 4 4 1 -1 -1
14 42 9.891396361743606 75.47981980824972 4 4 1 -1 -1
14 44 37.85759238821038 96.16315228615744 4 4 1 -1 -1
14 45 35.527076052671475 90.72528083656668 4 4 1 -1 -1
14 46 46.01439956259652 82.76268335680881 4 4 1 -1 -1
14 47 57.958295782233364 82.6170260858376 4 4 1 -1 -1
14 48 48.49057316910658 88.1520023827425 4 4 1 -1 -1
14 49 27.078954336342964 99.51326951849461 4 4 1 -1 -1
14 50 30.429071568680136 103.44601583471652 4 4 1 -1 -1
14 51 66.84338931147543 125.00329193845127 4 4 1 -1 -1
14 52 65.24115933079246 135.63627271934752 4 4 1 -1 -1
14 54 50.62687981001726 115.77833144360983 4 4 1 -1 -1
14 55 46.815514552938026 109.12664940259258 4 4 1 -1 -1
14 56 43.79312618028602 106.46840420736852 4 4 1 -1 -1
14 57 40.916395078605184 100.82418495723523 4 4 1 -1 -1
14 58 50.617169325285836 92.31780033251829 4 4 1 -1 -1
14 59 72.4511942438659 123.5467192287395 4 4 1 -1 -1
14 61 53.115191522441606 94.85223684741682 4 4 1 -1 -1
14 62 92.33341173143212 120.05094472543115 4 4 1 -1 -1
14 63 88.10935087326786 122.23580378999887 4 4 1 -1 -1
14 64 82.57437457636298 128.20775189981728 4 4 1 -1 -1
14 65 85.92449180870017 147.72582620995556 4 4 1 -1 -1
14 66 95.97484350571165 138.69507540974223 4 4 1 -1 -1
14 67 100.49021890581827 145.39530987441674 4 4 1 -1 -1
14 69 102.3837634284436 122.81843287388364 4 4 1 -1 -1
14 70 101.07284798970298 127.04249373204786 4 4 1 -1 -1
14 71 105.87953793175194 151.0759434422927 4 4 1 -1 -1
14 72 101.072847989703 152.53251615200452 4 4 1 -1 -1
14 73 67.28036112438897 96.50301925175684 4 4 1 -1 -1
14 74 85.62715837126309 95.12429092377623 4 4 1 -1 -1
14 75 77.47637009237164 91.50211961507965 4 4 1 -1 -1
14 78 63.0563002662247 107.52441942190957 4 4 1 -1 -1
14 79 65.09550205982124 104.7569312734571 4 4 1 -1 -1
14 80 65.09550205982126 88.58897419565602 4 4 1 -1 -1
14 83 52.13200494338613 100.38721314432169 4 4 1 -1 -1
14 84 61.45407028554171 86.18562922463153 4 4 1 -1 -1
14 85 60.43446938874345 96.23598092164303 4 4 1 -1 -1
14 86 74.27191013100565 93.10434959576266 4 4 1 -1 -1
14 87 91.75078264754738 100.09589860237934 4 4 1 -1 -1
14 88 64.75537744737497 93.54478108786323 4 4 1 -1 -1
14 91 84.01584303034105 89.09079842180236 4 4 1 -1 -1
14 92 83.02272527371935 95.92224480826063 4 4 1 -1 -1
14 94 43.09586062635284 124.81129381733513 4 4 1 -1 -1
14 95 119.81324563847761 77.67203457485665 4 4 1 -1 -1
14 98 17.468345473406867 87.0088906635196 4 4 1 -1 -1
14 101 10.921069669419145 63.05280278368885 4 4 1 -1 -1
14 103 35.95058643362135 110.99289058516032 4 4 1 -1 -1
15 1 78.47717127056778 35.041450829199 4 4 1 -1 -1
15 2 77.53039900925512 42.39714301324365 4 4 1 -1 -1
15 3 93.58495287085434 18.719232214115898 4 4 1 -1 -1
15 4 129.47490443815337 39.38799896492639 4 4 1 -1 -1
15 5 116.33661859655291 3.0173784034225797 4 4 1 -1 -1
15 7 84.45224198096133 8.945629331949647 4 4 1 -1 -1
15 8 102.77093034710323 141.5921492436192 4 4 1 -1 -1
15 11 119.42536417335478 25.293828043455207 4 4 1 -1 -1
15 12 145.54114014274342 42.411904036091194 4 4 1 -1 -1
15 13 149.61954372993654 41.10098859735055 4 4 1 -1 -1
15 16 172.61911113927897 75.86346440054048 4 4 1 -1 -1
15 17 173.39459044992952 72.3738075026129 4 4 1 -1 -1
15 18 155.7524361326291 60.547748015191715 4 4 1 -1 -1
15 19 105.79690463581113 14.950545429325746 4 4 1 -1 -1
15 26 60.696982110728136 25.334803806028567 4 4 1 -1 -1
15 27 64.00737463280048 28.777612028983746 4 4 1 -1 -1
15 28 56.72451108424141 24.407893899848315 4 4 1 -1 -1
15 29 50.103726040096824 29.83693763604687 4 4 1 -1 -1
15 30 61.09422921337684 13.020143623919605 4 4 1 -1 -1
15 31 57.25417388777298 11.960818016856472 4 4 1 -1 -1
15 32 13.027329792887095 6.53177428065791 4 4 1 -1 -1
15 33 6.141713346976713 17.919524556586605 4 4 1 -1 -1
15 37 26.40270657160832 65.2294002375104 4 4 1 -1 -1
15 38 65.24115933079241 70.2361580532872 4 4 1 -1 -1
15 39 62.91064299525351 72.85798893076847 4 4 1 -1 -1
15 40 69.53804882444228 56.25306004005381 4 4 1 -1 -1
15 41 19.067804432928014 74.75153345339383 4 4 1 -1 -1
15 42 18.048203536129744 80.86913883418342 4 4 1 -1 -1
15 44 38.221735565638326 96.05390933292905 4 4 1 -1 -1
15 45 35.67273332364266 91.2108050731373 4 4 1 -1 -1
15 46 47.03400045939479 84.80188515040535 4 4 1 -1 -1
15 47 58.24961032417573 82.76268335680878 4 4 1 -1 -1
15 48 49.218859523962486 88.44331692468486 4 4 1 -1 -1
15 49 27.078954336342964 99.51326951849461 4 4 1 -1 -1
15 50 30.429071568680136 103.44601583471652 4 4 1 -1 -1
15 51 67.42601839536016 125.00329193845127 4 4 1 -1 -1
15 52 63.638929350109464 134.17970000963572 4 4 1 -1 -1
15 53 52.277662214357306 104.75693127345713 4 4 1 -1 -1
15 54 50.432670115389016 115.72977901995276 4 4 1 -1 -1
15 55 46.16005683356771 108.54402031870785 4 4 1 -1 -1
15 56 43.683883227057635 106.35916125414013 4 4 1 -1 -1
15 57 40.916395078605184 100.82418495723523 4 4 1 -1 -1
15 58 50.41324914592619 92.25953742412982 4 4 1 -1 -1
15 59 73.54362377614976 125.1489492094225 4 4 1 -1 -1
15 61 53.00594856921322 94.70657957644563 4 4 1 -1 -1
15 62 94.95524260891338 126.16855010622075 4 4 1 -1 -1
15 63 90.00289539589322 128.20775189981728 4 4 1 -1 -1
15 64 83.59397547316125 134.03404273866454 4 4 1 -1 -1
15 65 84.46791909898836 146.5605680421861 4 4 1 -1 -1
15 66 98.45101711222172 145.54096714538775 4 4 1 -1 -1
15 67 104.42296522204016 150.05634254549454 4 4 1 -1 -1
15 69 103.40336432524188 115.3899120543534 4 4 1 -1 -1
15 70 100.05324709290471 116.55517022212283 4 4 1 -1 -1
15 71 111.99714331254154 155.00868975851458 4 4 1 -1 -1
15 72 107.48176791243498 155.7369761133705 4 4 1 -1 -1
15 73 66.84338931147542 96.55157167541391 4 4 1 -1 -1
15 74 85.62715837126309 95.12429092377623 4 4 1 -1 -1
15 75 78.20465644722753 92.37606324090675 4 4 1 -1 -1
15 78 65.82378841467714 112.91373844784327 4 4 1 -1 -1
15 79 73.54362377614974 104.46561673151473 4 4 1 -1 -1
15 80 64.80418751787889 89.60857509245429 4 4 1 -1 -1
15 83 51.840690401443766 99.80458406043697 4 4 1 -1 -1
15 84 62.47367118233998 86.98674421497302 4 4 1 -1 -1
15 85 59.997497575829904 95.7261804732439 4 4 1 -1 -1
15 86 77.47637009237164 98.93064043460991 4 4 1 -1 -1
15 87 92.33341173143211 103.73733037665886 4 4 1 -1 -1
15 88 66.13972341115065 93.54478108786323 4 4 1 -1 -1
15 91 89.91436061512441 92.46137989882143 4 4 1 -1 -1
15 92 82.57130811161858 95.5912055560534 4 4 1 -1 -1
15 94 42.20048774284719 124.11489268571961 4 4 1 -1 -1
15 95 124.35476267337161 67.73746606102605 4 4 1 -1 -1
15 98 18.096097074891038 85.62783714025443 4 4 1 -1 -1
15 101 14.187261251941296 65.71133081597432 4 4 1 -1 -1
15 103 35.32911234815202 110.71667988050729 4 4 1 -1 -1
16 1 78.51358558831058 34.93220787597062 4 4 1 -1 -1
16 2 77.53039900925512 42.39714301324365 4 4 1 -1 -1
16 3 90.22026991142005 13.43187327786203 4 4 1 -1 -1
16 4 126.27044447678739 36.023316005492106 4 4 1 -1 -1
16 7 79.32510604277576 7.824068345471552 4 4 1 -1 -1
16 8 104.62475015946373 144.6377103639257 4 4 1 -1 -1
16 11 115.70459241300905 23.980614480980247 4 4 1 -1 -1
16 12 143.64759562011807 39.3531013456964 4 4 1 -1 -1
16 13 147.14337012342645 38.62481499084047 4 4 1 -1 -1
16 14 182.1187326947484 84.78147647302201 4 4 1 -1 -1
16 16 169.90493355200198 72.76154715793821 4 4 1 -1 -1
16 17 171.26202234564045 68.88415060468535 4 4 1 -1 -1
16 18 153.61986802834002 57.05809111726416 4 4 1 -1 -1
16 19 103.46638830027223 12.911343635729212 4 4 1 -1 -1
16 26 59.637656503665 28.777612028983754 4 4 1 -1 -1
16 27 62.418386222205775 31.82317314929026 4 4 1 -1 -1
16 28 54.87069127188093 28.115533524569287 4 4 1 -1 -1
16 29 49.97131033921393 32.220420251938926 4 4 1 -1 -1
16 30 59.37282510189925 16.992614650406363 4 4 1 -1 -1
16 31 56.8569267851243 15.800873342460338 4 4 1 -1 -1
16 32 11.305925681409501 6.134527178009234 4 4 1 -1 -1
16 33 10.90867857876082 16.992614650406363 4 4 1 -1 -1
16 37 25.674420216752413 65.2294002375104 4 4 1 -1 -1
16 38 65.67813114370595 71.54707349202783 4 4 1 -1 -1
16 39 63.34761480816705 73.58627528562437 4 4 1 -1 -1
16 40 69.46522018895669 56.05885034542557 4 4 1 -1 -1
16 41 22.272264394293998 77.37336433087509 4 4 1 -1 -1
16 42 18.485175349043285 82.61702608583758 4 4 1 -1 -1
16 44 38.58587874306628 95.94466637970066 4 4 1 -1 -1
16 45 36.255362407527386 91.64777688605083 4 4 1 -1 -1
16 46 46.74268591745243 84.89898999771947 4 4 1 -1 -1
16 47 58.54092486611809 82.90834062777996 4 4 1 -1 -1
16 48 48.92754498202012 88.29765965371368 4 4 1 -1 -1
16 49 27.078954336342964 99.51326951849461 4 4 1 -1 -1
16 50 30.429071568680136 103.44601583471652 4 4 1 -1 -1
16 51 66.84338931147543 125.3431589040507 4 4 1 -1 -1
16 52 62.18235664039766 133.16009911283746 4 4 1 -1 -1
16 53 54.17120673698266 107.81573396385193 4 4 1 -1 -1
16 54 50.238460420760774 115.6812265962957 4 4 1 -1 -1
16 55 46.16005683356771 108.54402031870785 4 4 1 -1 -1
16 56 42.809939601230546 105.92218944122659 4 4 1 -1 -1
16 57 40.916395078605184 100.82418495723523 4 4 1 -1 -1
16 58 50.20932896656653 92.20127451574135 4 4 1 -1 -1
16 59 74.56322467294802 127.77078008690376 4 4 1 -1 -1
16 61 52.76318645092792 94.70657957644563 4 4 1 -1 -1
16 62 96.12050077668283 129.37301006758673 4 4 1 -1 -1
16 63 90.00289539589322 130.53826823535618 4 4 1 -1 -1
16 64 85.05054818287306 137.09284542905937 4 4 1 -1 -1
16 65 83.4483182021901 147.288854397042 4 4 1 -1 -1
16 66 99.61627527999117 147.72582620995547 4 4 1 -1 -1
16 67 106.02519520272315 152.09554433909108 4 4 1 -1 -1
16 69 105.73388066078078 111.02019392521797 4 4 1 -1 -1
16 70 100.34456163484707 110.43756484133321 4 4 1 -1 -1
16 73 66.40641749856188 96.60012409907097 4 4 1 -1 -1
16 74 83.25336025318578 94.5443443408738 4 4 1 -1 -1
16 75 78.93294280208345 93.25000686673383 4 4 1 -1 -1
16 78 68.15430475021604 114.51596842852626 4 4 1 -1 -1
16 79 73.68928104712093 107.8157339638519 4 4 1 -1 -1
16 83 51.25806131755904 99.36761224752343 4 4 1 -1 -1
16 84 63.493272079138244 87.86068784080011 4 4 1 -1 -1
16 85 59.851840304858726 95.67762804958684 4 4 1 -1 -1
16 86 78.35031371819872 103.44601583471652 4 4 1 -1 -1
16 87 92.18775446046092 107.52441942190957 4 4 1 -1 -1
16 88 67.52406937492634 93.54478108786323 4 4 1 -1 -1
16 91 89.31247106565671 94.62818227690514 4 4 1 -1 -1
16 92 81.64756667985101 97.76967491413428 4 4 1 -1 -1
16 94 41.50408661123168 123.8164350578844 4 4 1 -1 -1
16 95 125.20629711741424 62.34441458208944 4 4 1 -1 -1
16 98 18.096097074891038 85.62783714025443 4 4 1 -1 -1
16 101 17.681326665802203 67.8381532418027 4 4 1 -1 -1
16 103 35.12195431966225 110.44046917585425 4 4 1 -1 -1
17 1 78.54999990605337 34.82296492274223 4 4 1 -1 -1
17 2 77.53039900925512 42.39714301324365 4 4 1 -1 -1
17 3 88.93848592687365 11.669420299110739 4 4 1 -1 -1
17 4 125.62955248451419 33.78019403253592 4 4 1 -1 -1
17 7 77.56265306402446 7.022953355130056 4 4 1 -1 -1
17 8 105.41924436476108 146.0942830736375 4 4 1 -1 -1
17 11 113.95364099637577 23.324007699742765 4 4 1 -1 -1
17 12 142.19102291040628 38.624814990840505 4 4 1 -1 -1
17 13 145.54114014274344 37.31389955209984 4 4 1 -1 -1
17 14 179.98616459045934 83.61825750704615 4 4 1 -1 -1
17 16 167.57849562005026 72.37380750261292 4 4 1 -1 -1
17 17 169.51719389667667 68.30254112169742 4 4 1 -1 -1
17 18 151.48729992405094 55.701002323625666 4 4 1 -1 -1
17 19 103.17507375832987 11.746085467959764 4 4 1 -1 -1
17 26 58.0486680930703 30.896263243110024 4 4 1 -1 -1
17 27 61.756307717791316 34.074240064299424 4 4 1 -1 -1
17 28 51.56029874980864 32.088004551056045 4 4 1 -1 -1
17 29 49.04440043303369 38.57637389431774 4 4 1 -1 -1
17 30 57.916252392187445 18.84643446276685 4 4 1 -1 -1
17 31 55.79760117806117 16.992614650406367 4 4 1 -1 -1
17 32 9.584521569931908 5.075201570946101 4 4 1 -1 -1
17 33 13.556992596418658 13.814637829216958 4 4 1 -1 -1
17 37 23.853704329612647 67.12294476013577 4 4 1 -1 -1
17 38 66.40641749856186 71.98404530494138 4 4 1 -1 -1
17 39 63.638929350109414 74.60587618242263 4 4 1 -1 -1
17 40 69.3923915534711 55.86464065079733 4 4 1 -1 -1
17 41 22.56357893623636 78.53862249864454 4 4 1 -1 -1
17 42 20.670034413610995 87.1324014859442 4 4 1 -1 -1
17 44 38.95002192049424 95.83542342647229 4 4 1 -1 -1
17 45 36.61950558495534 92.15757733444997 4 4 1 -1 -1
17 46 46.45137137551007 84.9960948450336 4 4 1 -1 -1
17 47 58.83223940806045 83.49096971166469 4 4 1 -1 -1
17 48 48.63623044007776 88.1520023827425 4 4 1 -1 -1
17 49 27.078954336342964 99.51326951849461 4 4 1 -1 -1
17 50 30.429071568680136 103.44601583471652 4 4 1 -1 -1
17 51 66.26076022759071 125.68302586965011 4 4 1 -1 -1
17 52 61.45407028554175 133.59707092575098 4 4 1 -1 -1
17 53 55.33646490475211 109.12664940259256 4 4 1 -1 -1
17 54 49.80148860784723 115.53556932532452 4 4 1 -1 -1
17 55 46.16005683356771 108.54402031870785 4 4 1 -1 -1
17 56 42.51862505928818 105.92218944122659 4 4 1 -1 -1
17 57 40.916395078605184 100.82418495723523 4 4 1 -1 -1
17 58 50.00540878720688 92.14301160735288 4 4 1 -1 -1
17 59 73.9805955890633 129.22735279661555 4 4 1 -1 -1
17 61 52.52042433264261 94.70657957644563 4 4 1 -1 -1
17 62 95.68352896376929 131.1208973192409 4 4 1 -1 -1
17 63 90.1485526668644 132.8687845708951 4 4 1 -1 -1
17 64 85.4875199957866 139.27770449362708 4 4 1 -1 -1
17 65 83.4483182021901 148.16279802286908 4 4 1 -1 -1
17 66 100.1989043638759 149.1823989196673 4 4 1 -1 -1
17 67 107.1904533704926 153.40645977783169 4 4 1 -1 -1
17 69 106.17085247369432 110.43756484133324 4 4 1 -1 -1
17 70 101.50981980261652 108.54402031870785 4 4 1 -1 -1
17 73 66.40641749856188 97.1827531829557 4 4 1 -1 -1
17 74 82.76708776223911 94.38210910530196 4 4 1 -1 -1
17 75 78.64162826014109 96.30880955712863 4 4 1 -1 -1
17 78 69.02824837604312 115.38991205435335 4 4 1 -1 -1
17 79 74.27191013100565 109.85493575744844 4 4 1 -1 -1
17 83 50.89391814013109 99.36761224752343 4 4 1 -1 -1
17 84 63.493272079138244 87.86068784080011 4 4 1 -1 -1
17 85 59.70618303388754 95.62907562592977 4 4 1 -1 -1
17 86 79.2242573440258 105.33956035734188 4 4 1 -1 -1
17 87 93.061698086288 109.85493575744846 4 4 1 -1 -1
17 88 66.92217982545864 93.66515899775678 4 4 1 -1 -1
17 91 88.10869196672132 97.51725211435006 4 4 1 -1 -1
17 92 80.72382524808343 99.94814427221517 4 4 1 -1 -1
17 94 41.20562898339646 123.51797743004919 4 4 1 -1 -1
17 95 126.90936600549949 58.65443199123807 4 4 1 -1 -1
17 98 18.22164739518788 86.06726326129336 4 4 1 -1 -1
17 101 19.960064979189752 70.57263921786776 4 4 1 -1 -1
17 103 34.91479629117247 110.16425847120121 4 4 1 -1 -1
18 1 77.96737082216865 34.82296492274223 4 4 1 -1 -1
18 2 77.53039900925512 42.39714301324365 4 4 1 -1 -1
18 3 86.21469495971257 2.216263413081089 4 4 1 -1 -1
18 4 121.62397753280672 28.012166102077142 4 4 1 -1 -1
18 7 70.352618150951 4.29916238796897 4 4 1 -1 -1
18 8 106.47856997182421 148.2129342877638 4 4 1 -1 -1
18 11 109.24795906417383 19.274932548778303 4 4 1 -1 -1
18 12 139.27787749098263 33.08983869393563 4 4 1 -1 -1
18 13 143.21062380720454 31.487608713252598 4 4 1 -1 -1
18 14 177.27198700318235 77.60829284950425 4 4 1 -1 -1
18 15 181.53712321176047 75.08798508988991 4 4 1 -1 -1
18 16 164.28270854978535 66.55771267273366 4 4 1 -1 -1
18 17 167.19075596472499 61.71096698116758 4 4 1 -1 -1
18 18 148.77312233677395 48.140079044782624 4 4 1 -1 -1
18 19 101.57284377764688 6.939395525910788 4 4 1 -1 -1
18 26 56.59209538335848 35.66322847489413 4 4 1 -1 -1
18 27 59.37282510189927 38.70878959520064 4 4 1 -1 -1
18 28 51.69271445069153 37.38463258637172 4 4 1 -1 -1
18 29 51.56029874980863 46.653731648174144 4 4 1 -1 -1
18 30 56.19484828070985 24.27547819896542 4 4 1 -1 -1
18 31 53.94378136570069 22.554074087487827 4 4 1 -1 -1
18 33 22.561260256455306 14.60913203451431 4 4 1 -1 -1
18 37 22.032988442472885 69.01648928276111 4 4 1 -1 -1
18 38 67.13470385341778 72.71233165979729 4 4 1 -1 -1
18 39 64.80418751787886 76.3537634340768 4 4 1 -1 -1
18 40 69.31956291798551 55.670430956169085 4 4 1 -1 -1
18 41 27.224611607314152 81.59742518903934 4 4 1 -1 -1
18 42 23.7288371040058 93.2500068667338 4 4 1 -1 -1
18 44 39.314165097922185 95.7261804732439 4 4 1 -1 -1
18 45 36.9836487623833 92.66737778284912 4 4 1 -1 -1
18 46 46.16005683356771 85.09319969234771 4 4 1 -1 -1
18 47 59.41486849194517 85.23885696331887 4 4 1 -1 -1
18 48 48.3449158981354 88.00634511177131 4 4 1 -1 -1
18 49 27.078954336342964 99.51326951849461 4 4 1 -1 -1
18 50 30.429071568680136 103.44601583471652 4 4 1 -1 -1
18 51 65.67813114370598 126.02289283524954 4 4 1 -1 -1
18 52 65.38681660176364 135.05364363546278 4 4 1 -1 -1
18 53 57.95829578223337 116.70082749309398 4 4 1 -1 -1
18 54 49.21885952396251 115.09859751241098 4 4 1 -1 -1
18 55 46.16005683356771 108.54402031870785 4 4 1 -1 -1
18 56 42.22731051734582 105.92218944122659 4 4 1 -1 -1
18 57 40.916395078605184 100.82418495723523 4 4 1 -1 -1
18 58 49.801488607847226 92.0847486989644 4 4 1 -1 -1
18 59 74.27191013100565 129.37301006758673 4 4 1 -1 -1
18 61 52.27766221435731 94.70657957644563 4 4 1 -1 -1
18 62 97.28575894445228 136.21890180323223 4 4 1 -1 -1
18 63 90.29420993783559 136.80153088711697 4 4 1 -1 -1
18 64 86.9440927054984 143.9387371647049 4 4 1 -1 -1
18 65 79.95254369888175 147.28885439704197 4 4 1 -1 -1
18 66 102.5294206994148 152.2412016100621 4 4 1 -1 -1
18 67 110.39491333185859 154.8630324875435 4 4 1 -1 -1
18 69 108.79268335117558 106.21350398316899 4 4 1 -1 -1
18 70 105.44256611883841 100.67852768626408 4 4 1 -1 -1
18 73 65.38681660176361 96.60012409907097 4 4 1 -1 -1
18 74 82.28081527129247 94.21987386973014 4 4 1 -1 -1
18 75 77.33071282140045 94.85223684741682 4 4 1 -1 -1
18 78 70.63047835672612 119.32265837057523 4 4 1 -1 -1
18 79 74.41756740197684 115.38991205435332 4 4 1 -1 -1
18 83 50.52977496270314 99.36761224752343 4 4 1 -1 -1
18 84 63.493272079138244 87.86068784080011 4 4 1 -1 -1
18 85 59.56052576291636 95.58052320227272 4 4 1 -1 -1
18 86 81.84608822150706 112.33110936395857 4 4 1 -1 -1
18 87 91.6051253765762 113.93333934464152 4 4 1 -1 -1
18 88 66.32029027599096 93.78553690765031 4 4 1 -1 -1
18 91 85.34000003916994 99.80443240232728 4 4 1 -1 -1
18 92 79.80008381631586 102.12661363029606 4 4 1 -1 -1
18 94 40.60871372772603 123.31900567815904 4 4 1 -1 -1
18 95 128.32859007890386 49.85524273613096 4 4 1 -1 -1
18 98 17.091694512516362 85.00008553877026 4 4 1 -1 -1
18 101 23.75796216816901 73.61095696905114 4 4 1 -1 -1
18 103 34.22426952953988 110.57857452818075 4 4 1 -1 -1
