1 5 140.56569759057433 192.1911942365345 4 4 1 -1 -1
1 9 140.14201572328741 183.5763296017009 4 4 1 -1 -1
1 10 142.40165234881755 171.4307827394765 4 4 1 -1 -1
1 11 126.44296868101107 171.85446460676343 4 4 1 -1 -1
1 12 159.91383619667596 176.9386470142062 4 4 1 -1 -1
1 16 175.44883799719554 172.84305563043284 4 4 1 -1 -1
1 17 163.30329113497115 161.26241792459098 4 4 1 -1 -1
1 18 158.07788143843274 164.22819099559928 4 4 1 -1 -1
1 21 216.5459791240246 150.24668937513164 4 4 1 -1 -1
1 23 218.6643884604591 145.02127967859326 4 4 1 -1 -1
1 26 265.12816657292217 163.945736417408 4 4 1 -1 -1
1 42 289.25284698187244 162.21458967520385 4 4 1 -1 -1
1 43 290.653448196044 157.07905188990813 4 4 1 -1 -1
1 44 296.95615365981604 187.42541153029194 4 4 1 -1 -1
1 50 235.75404507773027 130.62328668331895 4 4 1 -1 -1
1 55 386.5822831881227 191.82298314673807 4 4 1 -1 -1
1 56 106.59001728589338 95.84913733288896 4 4 1 -1 -1
1 57 120.20831056426485 109.08805965329103 4 4 1 -1 -1
1 58 173.3380167220418 130.37101212000283 4 4 1 -1 -1
1 62 82.76895622501266 132.54591237207558 4 4 1 -1 -1
1 63 87.58480678317372 133.16731244409635 4 4 1 -1 -1
1 65 90.53645712527245 155.07166498282896 4 4 1 -1 -1
1 66 93.79880750338157 166.10151626119787 4 4 1 -1 -1
1 67 103.27515860169851 160.5089156130108 4 4 1 -1 -1
1 68 118.96551042022328 117.63231064357677 4 4 1 -1 -1
1 69 179.5120076447047 100.98544524511016 4 4 1 -1 -1
1 71 185.58127957278145 98.30095958461465 4 4 1 -1 -1
1 72 197.48638989323973 75.07432278293622 4 4 1 -1 -1
1 74 204.25596242840228 76.24149046141252 4 4 1 -1 -1
1 75 186.8408112152416 36.43950976030396 4 4 1 -1 -1
1 78 48.20588295976261 54.06976856868967 4 4 1 -1 -1
1 81 510.7366634300406 205.2451521791886 4 4 1 -1 -1
1 83 487.3715546720052 184.1545230347672 4 4 1 -1 -1
1 84 488.8189507897595 178.7784803116794 4 4 1 -1 -1
1 86 428.44185559200423 212.0685910200308 4 4 1 -1 -1
1 89 131.52238919757224 149.31961915155358 4 4 1 -1 -1
1 91 135.46982745429005 154.23098357447086 4 4 1 -1 -1
1 92 77.66627534874794 174.82372811417324 4 4 1 -1 -1
1 94 38.799591655487085 152.18067515173297 4 4 1 -1 -1
1 95 75.15236520408229 12.4882697509142 4 4 1 -1 -1
1 96 70.02581460991082 6.849064097325592 4 4 1 -1 -1
1 98 66.60811421379651 8.216144255771315 4 4 1 -1 -1
1 99 658.1201451647847 105.65794061536575 4 4 1 -1 -1
1 100 661.1571869468339 108.3229405260637 4 4 1 -1 -1
1 101 665.083114592618 108.53515283124122 4 4 1 -1 -1
1 105 595.8879100311027 201.78864543383537 4 4 1 -1 -1
1 108 123.75920203765438 140.98520636464812 4 4 1 -1 -1
1 109 123.75920203765438 140.98520636464812 4 4 1 -1 -1
1 110 131.94613354381474 139.89601355466922 4 4 1 -1 -1
1 111 126.42543042462182 147.34254334334798 4 4 1 -1 -1
1 114 344.41321046447615 210.3689048423423 4 4 1 -1 -1
1 117 605.9624807415073 181.78119082813168 4 4 1 -1 -1
1 118 614.6631852537853 161.09049107332453 4 4 1 -1 -1
1 119 624.5261516911282 140.11193706690563 4 4 1 -1 -1
1 125 305.54824891078664 195.82612937203024 4 4 1 -1 -1
1 132 376.8800670117933 171.144686020503 4 4 1 -1 -1
1 133 368.591496575504 168.24368636780173 4 4 1 -1 -1
1 143 11.715252334904996 59.31457845389084 4 4 1 -1 -1
1 144 12.96071746432488 52.15315395972651 4 4 1 -1 -1
1 145 659.6021142306847 166.12263869684506 4 4 1 -1 -1
1 146 485.3904016654693 189.71671407517178 4 4 1 -1 -1
1 149 483.6352968755851 193.72838216633582 4 4 1 -1 -1
1 150 8.396537058007642 109.88114577253789 4 4 1 -1 -1
1 151 310.6637118067886 216.60997276991458 4 4 1 -1 -1
1 154 121.39558829475408 134.25782281007744 4 4 1 -1 -1
1 155 190.89029617142583 122.69942665384127 4 4 1 -1 -1
1 157 138.333351006208 126.40018568087642 4 4 1 -1 -1
1 158 138.848006018365 121.63962681842439 4 4 1 -1 -1
1 159 9.652637365217565 130.31290372682784 4 4 1 -1 -1
1 161 11.34802677264038 132.95017613837445 4 4 1 -1 -1
1 164 621.4120843180439 143.11918883749547 4 4 1 -1 -1
1 165 483.19918932825465 184.60583569593283 4 4 1 -1 -1
1 167 485.22307016356194 181.18080659002814 4 4 1 -1 -1
1 168 488.9453669060186 172.63310226468656 4 4 1 -1 -1
1 171 594.2752537671761 207.36877634178572 4 4 1 -1 -1
1 172 238.49033885218748 131.45529790172716 4 4 1 -1 -1
1 174 147.77694081760362 158.6982411513032 4 4 1 -1 -1
2 5 139.4358792778093 191.20260321286509 4 4 1 -1 -1
2 9 140.5656975905743 183.43510231260527 4 4 1 -1 -1
2 10 142.68410692700883 171.00710087218962 4 4 1 -1 -1
2 11 127.14910512648925 171.85446460676343 4 4 1 -1 -1
2 12 160.1256771303194 176.72680608056277 4 4 1 -1 -1
2 16 175.02515612990862 171.99569189585907 4 4 1 -1 -1
2 17 163.0208365567799 160.83873605730406 4 4 1 -1 -1
2 18 158.07788143843274 163.80450912831236 4 4 1 -1 -1
2 21 214.14511520939885 150.10546208603603 4 4 1 -1 -1
2 23 216.26352454583335 143.96207501037603 4 4 1 -1 -1
2 26 263.0097572364877 162.6746908155473 4 4 1 -1 -1
2 42 285.8680607142911 161.51428906811807 4 4 1 -1 -1
2 43 286.8017948570722 155.7951674435842 4 4 1 -1 -1
2 44 299.05705548107335 184.62420910194885 4 4 1 -1 -1
2 50 235.1337324558355 130.83005755728385 4 4 1 -1 -1
2 55 388.0296793058771 192.65006664259775 4 4 1 -1 -1
2 56 104.25976701581544 93.51888706281102 4 4 1 -1 -1
2 57 117.25666022216613 108.93270963528585 4 4 1 -1 -1
2 58 170.85241643395867 128.81751193995086 4 4 1 -1 -1
2 62 83.23500627902824 131.9245123000548 4 4 1 -1 -1
2 63 88.3615568731997 132.54591237207558 4 4 1 -1 -1
2 65 90.92483217028544 154.76096494681858 4 4 1 -1 -1
2 66 94.18718254839456 166.10151626119787 4 4 1 -1 -1
2 67 104.20725870972969 160.1982155770004 4 4 1 -1 -1
2 68 118.75837706288303 117.14036891989365 4 4 1 -1 -1
2 69 179.0451405733142 99.35141049524333 4 4 1 -1 -1
2 71 184.88097896569565 97.60065897752887 4 4 1 -1 -1
2 72 197.07788120577302 74.9576060150886 4 4 1 -1 -1
2 74 203.84745374093558 76.06641530964109 4 4 1 -1 -1
2 75 187.12326579343284 33.89741855658258 4 4 1 -1 -1
2 78 45.02269838209997 53.64534395833465 4 4 1 -1 -1
2 81 511.15020517797046 202.76390169160965 4 4 1 -1 -1
2 82 515.0788517833038 204.0045269353991 4 4 1 -1 -1
2 83 486.9580129240753 184.2579084717497 4 4 1 -1 -1
2 84 488.4054090418297 178.98525118564433 4 4 1 -1 -1
2 86 427.6147720961446 210.6211949022764 4 4 1 -1 -1
2 89 131.52238919757224 148.67767692839163 4 4 1 -1 -1
2 91 135.85566800915825 153.7486828808856 4 4 1 -1 -1
2 92 77.8997088844432 174.31795545350016 4 4 1 -1 -1
2 94 38.799591655487085 151.24694100895195 4 4 1 -1 -1
2 95 74.924518511008 12.4882697509142 4 4 1 -1 -1
2 96 69.88341042673939 6.920266188911307 4 4 1 -1 -1
2 98 66.51490420299339 8.278284262973393 4 4 1 -1 -1
2 99 657.6347779296943 107.21960503252781 4 4 1 -1 -1
2 100 660.8388684890676 110.55116973042755 4 4 1 -1 -1
2 101 665.083114592618 111.18780664596008 4 4 1 -1 -1
2 105 596.0470692599858 201.89475158642412 4 4 1 -1 -1
2 108 123.75920203765438 140.98520636464812 4 4 1 -1 -1
2 109 123.75920203765438 140.98520636464812 4 4 1 -1 -1
2 110 131.9718112327412 139.6649143543309 4 4 1 -1 -1
2 111 126.81059575851899 146.44382423092122 4 4 1 -1 -1
2 114 344.0372634209036 210.180931320556 4 4 1 -1 -1
2 117 606.0155338178017 181.91382351886762 4 4 1 -1 -1
2 118 614.7781335857564 161.19659722591328 4 4 1 -1 -1
2 119 624.5261516911282 140.11193706690563 4 4 1 -1 -1
2 125 305.83316851953407 195.94009721552922 4 4 1 -1 -1
2 132 375.22235292453547 170.10861471596684 4 4 1 -1 -1
2 133 366.93378248824615 165.75711523691496 4 4 1 -1 -1
2 143 10.314104064307624 58.53616274800342 4 4 1 -1 -1
2 144 10.93683662901757 51.374738253839084 4 4 1 -1 -1
2 145 660.0579856046807 163.38741045286957 4 4 1 -1 -1
2 146 485.202354723696 189.65403176124732 4 4 1 -1 -1
2 149 483.57261456166066 193.5403352245625 4 4 1 -1 -1
2 150 6.528339363877816 108.47999750194055 4 4 1 -1 -1
2 151 310.91138953138915 216.60997276991458 4 4 1 -1 -1
2 154 121.50280808895344 134.25782281007744 4 4 1 -1 -1
2 155 190.81965494611654 122.62878542853198 4 4 1 -1 -1
2 156 173.94646745101815 124.39155278694184 4 4 1 -1 -1
2 157 138.33335100620803 125.62820316264096 4 4 1 -1 -1
2 158 138.848006018365 121.63962681842439 4 4 1 -1 -1
2 159 10.4061437685166 130.31290372682784 4 4 1 -1 -1
2 161 12.101533175939407 132.85598783796206 4 4 1 -1 -1
2 164 621.4811557383463 143.0915602693745 4 4 1 -1 -1
2 165 483.08798708455646 184.56135479845355 4 4 1 -1 -1
2 167 485.1341083686034 181.1585661412885 4 4 1 -1 -1
2 168 488.81192421358077 172.6553427134262 4 4 1 -1 -1
2 171 594.4465052224713 207.48294397864922 4 4 1 -1 -1
2 172 238.36599815418253 131.4138510023922 4 4 1 -1 -1
2 174 147.60567263853343 158.1844366140927 4 4 1 -1 -1
3 5 138.5885155432355 189.64910303281312 4 4 1 -1 -1
3 9 140.98937945786122 183.29387502350966 4 4 1 -1 -1
3 10 142.9665615052001 170.58341900490274 4 4 1 -1 -1
3 11 127.18441194876316 171.7132373176678 4 4 1 -1 -1
3 12 160.33751806396285 176.5149651469193 4 4 1 -1 -1
3 16 175.13107659673034 171.81915778448953 4 4 1 -1 -1
3 17 163.4445184240668 160.13259961182592 4 4 1 -1 -1
3 18 158.36033601662402 162.81591810464295 4 4 1 -1 -1
3 21 211.88547858386875 149.82300750784475 4 4 1 -1 -1
3 23 213.8626606312076 142.9028703421588 4 4 1 -1 -1
3 26 260.89134790005323 161.40364521368662 4 4 1 -1 -1
3 42 282.59999121455746 159.646820782556 4 4 1 -1 -1
3 43 284.4674595001196 155.32830037219367 4 4 1 -1 -1
3 44 302.09169144511173 180.30568869158654 4 4 1 -1 -1
3 50 234.82357614488814 130.51990124633647 4 4 1 -1 -1
3 55 389.89061717156136 194.51100450828199 4 4 1 -1 -1
3 56 101.46346669172192 92.74213697278505 4 4 1 -1 -1
3 57 113.52825979004143 108.77735961728067 4 4 1 -1 -1
3 58 168.52216616388074 127.1086617418937 4 4 1 -1 -1
3 62 84.16710638705942 132.07986231805998 4 4 1 -1 -1
3 63 88.7499319182127 132.2352123360652 4 4 1 -1 -1
3 65 91.31320721529843 154.4502649108082 4 4 1 -1 -1
3 66 94.57555759340755 166.10151626119787 4 4 1 -1 -1
3 67 104.28493371873228 159.9651905499926 4 4 1 -1 -1
3 68 118.55124370554276 116.64842719621053 4 4 1 -1 -1
3 69 178.81170703761893 97.01707513829074 4 4 1 -1 -1
3 71 183.7138112872193 95.14960685272864 4 4 1 -1 -1
3 72 196.66937251830632 74.84088924724097 4 4 1 -1 -1
3 74 203.43894505346884 75.89134015786964 4 4 1 -1 -1
3 75 187.9706295280066 31.355327352861195 4 4 1 -1 -1
3 78 42.05172610961483 52.902600890213364 4 4 1 -1 -1
3 81 511.77051779986516 201.1097346998903 4 4 1 -1 -1
3 82 515.2856226572687 202.76390169160965 4 4 1 -1 -1
3 83 486.5444711761455 184.36129390873216 4 4 1 -1 -1
3 84 487.9918672938999 178.7784803116794 4 4 1 -1 -1
3 86 426.7876886002849 209.79411140641673 4 4 1 -1 -1
3 89 131.72781070898407 148.57496617268572 4 4 1 -1 -1
3 91 136.24150856402645 153.36284232601741 4 4 1 -1 -1
3 92 78.13314242013847 173.81218279282712 4 4 1 -1 -1
3 94 40.083476101811016 151.48037454464722 4 4 1 -1 -1
3 95 74.6966718179337 12.4882697509142 4 4 1 -1 -1
3 96 69.74100624356797 6.991468280497021 4 4 1 -1 -1
3 98 66.42169419219027 8.340424270175472 4 4 1 -1 -1
3 99 656.9981410141617 109.44783423689165 4 4 1 -1 -1
3 100 660.6266561838901 112.46108047702512 4 4 1 -1 -1
3 101 663.9159469141416 114.47709737621146 4 4 1 -1 -1
3 105 596.206228488869 202.00085773901287 4 4 1 -1 -1
3 108 123.75920203765438 140.98520636464812 4 4 1 -1 -1
3 109 123.75920203765438 140.98520636464812 4 4 1 -1 -1
3 110 131.9974889216677 139.4338151539926 4 4 1 -1 -1
3 111 126.81059575851899 146.05865889702403 4 4 1 -1 -1
3 114 343.66131637733105 209.9929577987697 4 4 1 -1 -1
3 117 606.0685868940961 182.04645620960358 4 4 1 -1 -1
3 118 614.8930819177276 161.30270337850203 4 4 1 -1 -1
3 119 624.5261516911282 140.11193706690563 4 4 1 -1 -1
3 125 306.11808812828156 196.0540650590282 4 4 1 -1 -1
3 132 373.15021031546314 167.41482932417279 4 4 1 -1 -1
3 133 364.03278283554494 163.27054410602818 4 4 1 -1 -1
3 143 7.200441240757918 57.757747042115994 4 4 1 -1 -1
3 144 7.978856946645347 50.44063940677418 4 4 1 -1 -1
3 145 661.6535354136663 160.42424652189612 4 4 1 -1 -1
3 146 485.01430778192264 189.5913494473229 4 4 1 -1 -1
3 149 483.5099322477362 193.35228828278917 4 4 1 -1 -1
3 150 4.193092246215535 106.76748294898822 4 4 1 -1 -1
3 151 311.1590672559897 216.60997276991458 4 4 1 -1 -1
3 154 121.61002788315282 134.25782281007744 4 4 1 -1 -1
3 155 190.74901372080726 122.55814420322271 4 4 1 -1 -1
3 156 172.3896360392433 122.12707073345115 4 4 1 -1 -1
3 157 138.37011207850497 125.53630048189864 4 4 1 -1 -1
3 158 138.848006018365 121.63962681842439 4 4 1 -1 -1
3 159 11.159650171815635 130.31290372682784 4 4 1 -1 -1
3 161 12.855039579238435 132.76179953754968 4 4 1 -1 -1
3 164 621.5502271586487 143.06393170125355 4 4 1 -1 -1
3 165 482.9767848408583 184.51687390097428 4 4 1 -1 -1
3 167 485.04514657364484 181.13632569254887 4 4 1 -1 -1
3 168 488.6784815211429 172.67758316216583 4 4 1 -1 -1
3 171 594.6177566777666 207.59711161551272 4 4 1 -1 -1
3 172 238.2416574561776 131.37240410305722 4 4 1 -1 -1
3 174 147.94820899667377 157.6706320768822 4 4 1 -1 -1
3 175 406.51459974443145 208.99610820592562 4 4 1 -1 -1
4 5 136.75256078499228 189.0841938764306 4 4 1 -1 -1
4 9 141.41306132514813 183.15264773441402 4 4 1 -1 -1
4 10 143.10778879429574 170.48926747883897 4 4 1 -1 -1
4 11 127.21971877103707 171.57201002857215 4 4 1 -1 -1
4 12 160.5493589976063 176.35019997630775 4 4 1 -1 -1
4 16 175.23699706355208 171.64262367312 4 4 1 -1 -1
4 17 163.16206384587554 160.13259961182595 4 4 1 -1 -1
4 18 158.21910872752838 162.25100894826042 4 4 1 -1 -1
4 21 209.34338738014736 148.6931891950797 4 4 1 -1 -1
4 23 211.7442512947731 142.54980211941972 4 4 1 -1 -1
4 26 258.9141658527144 159.99137232273029 4 4 1 -1 -1
4 42 279.2152049469762 158.71308663977496 4 4 1 -1 -1
4 43 281.08267323253835 154.04441592586974 4 4 1 -1 -1
4 44 303.84244296282617 176.68746888831 4 4 1 -1 -1
4 49 325.3518259591624 138.4111386068225 4 4 1 -1 -1
4 50 234.5134198339408 130.2097449353891 4 4 1 -1 -1
4 55 392.7854094070702 195.13131713017674 4 4 1 -1 -1
4 56 98.5118163496232 91.3439868107383 4 4 1 -1 -1
4 57 110.57660944794272 108.93270963528587 4 4 1 -1 -1
4 58 165.88121585779243 125.24446152583135 4 4 1 -1 -1
4 62 84.47780642306981 131.7691622820496 4 4 1 -1 -1
4 63 89.13830696322569 131.9245123000548 4 4 1 -1 -1
4 65 91.70158226031143 154.13956487479777 4 4 1 -1 -1
4 66 95.04160764742313 165.63546620718228 4 4 1 -1 -1
4 67 104.36260872773488 159.73216552298481 4 4 1 -1 -1
4 68 118.34411034820249 116.15648547252741 4 4 1 -1 -1
4 69 178.11140643053315 95.73319069196681 4 4 1 -1 -1
4 71 182.8967939122859 93.39885533501418 4 4 1 -1 -1
4 72 196.3192222147634 74.6074557115457 4 4 1 -1 -1
4 74 203.08879474992597 75.65790662217438 4 4 1 -1 -1
4 75 187.82940223891094 29.095690727331075 4 4 1 -1 -1
4 78 39.399072294895966 52.796494737624606 4 4 1 -1 -1
4 81 512.8043721696897 198.21494246438152 4 4 1 -1 -1
4 82 516.7330187750231 199.455567708171 4 4 1 -1 -1
4 83 486.3377003021806 184.46467934571461 4 4 1 -1 -1
4 84 487.5783255459701 178.5717094377145 4 4 1 -1 -1
4 86 426.3741468523551 208.96702791055708 4 4 1 -1 -1
4 89 131.9332322203959 148.4722554169798 4 4 1 -1 -1
4 91 136.3379687027435 153.29049722197962 4 4 1 -1 -1
4 92 78.36657595583372 173.30641013215404 4 4 1 -1 -1
4 94 40.25855125358246 151.18858262502812 4 4 1 -1 -1
4 95 74.46882512485942 12.4882697509142 4 4 1 -1 -1
4 96 69.59860206039653 7.062670372082736 4 4 1 -1 -1
4 98 66.32848418138715 8.40256427737755 4 4 1 -1 -1
4 99 656.9981410141617 111.888275746433 4 4 1 -1 -1
4 100 660.7327623364787 115.11373429174398 4 4 1 -1 -1
4 101 664.7647961348515 116.06868966504277 4 4 1 -1 -1
4 105 596.3653877177521 202.10696389160162 4 4 1 -1 -1
4 108 123.75920203765438 140.98520636464812 4 4 1 -1 -1
4 109 123.75920203765438 140.98520636464812 4 4 1 -1 -1
4 110 132.02316661059416 139.2027159536543 4 4 1 -1 -1
4 111 126.99033958100433 146.03298120809754 4 4 1 -1 -1
4 114 343.4667884309183 210.0106421575345 4 4 1 -1 -1
4 117 606.1216399703904 182.17908890033954 4 4 1 -1 -1
4 118 615.0080302496988 161.40880953109078 4 4 1 -1 -1
4 119 624.5261516911282 140.11193706690563 4 4 1 -1 -1
4 125 306.40300773702904 196.1680329025272 4 4 1 -1 -1
4 132 370.8708534454836 165.34268671510046 4 4 1 -1 -1
4 133 362.37506874828705 160.1623301924197 4 4 1 -1 -1
4 145 663.0211495356541 157.68901827792064 4 4 1 -1 -1
4 146 484.82626084014936 189.52866713339844 4 4 1 -1 -1
4 149 483.44724993381175 193.16424134101587 4 4 1 -1 -1
4 151 311.40674498059025 216.60997276991458 4 4 1 -1 -1
4 154 121.71724767735219 134.25782281007747 4 4 1 -1 -1
4 155 190.67837249549797 122.48750297791342 4 4 1 -1 -1
4 156 169.5590334723799 120.42870919333312 4 4 1 -1 -1
4 157 138.40687315080189 125.44439780115633 4 4 1 -1 -1
4 158 138.848006018365 121.63962681842439 4 4 1 -1 -1
4 159 11.91315657511467 130.1245271260031 4 4 1 -1 -1
4 161 13.420169381712709 132.76179953754968 4 4 1 -1 -1
4 164 621.6192985789511 143.03630313313258 4 4 1 -1 -1
4 165 482.8655825971601 184.472393003495 4 4 1 -1 -1
4 167 484.9561847786863 181.11408524380923 4 4 1 -1 -1
4 168 488.54503882870506 172.69982361090547 4 4 1 -1 -1
4 171 594.7890081330618 207.71127925237622 4 4 1 -1 -1
4 172 238.11731675817265 131.33095720372222 4 4 1 -1 -1
4 174 147.17750219085804 158.78387524083828 4 4 1 -1 -1
4 175 406.51459974443145 208.58163921257582 4 4 1 -1 -1
5 5 135.4815151831316 188.166216497309 4 4 1 -1 -1
5 9 141.83674319243502 183.01142044531838 4 4 1 -1 -1
5 10 143.24901608339138 170.39511595277523 4 4 1 -1 -1
5 11 127.25502559331096 171.4307827394765 4 4 1 -1 -1
5 12 160.76119993124976 176.18543480569616 4 4 1 -1 -1
5 16 175.34291753037382 171.46608956175047 4 4 1 -1 -1
5 17 163.0208365567799 159.56769045544343 4 4 1 -1 -1
5 18 158.14849508298056 162.53346352645167 4 4 1 -1 -1
5 21 206.80129617642598 147.56337088231464 4 4 1 -1 -1
5 23 209.62584195833864 142.19673389668066 4 4 1 -1 -1
5 26 254.25366531255855 158.7203267208696 4 4 1 -1 -1
5 42 276.6474360543283 157.89606926484154 4 4 1 -1 -1
5 43 278.51490433989045 152.99396501524106 4 4 1 -1 -1
5 44 305.8266280162359 174.46985029920506 4 4 1 -1 -1
5 49 322.86622567107935 139.8092887688693 4 4 1 -1 -1
5 50 234.09987808601096 130.83005755728385 4 4 1 -1 -1
5 55 394.0260346508597 194.51100450828199 4 4 1 -1 -1
5 56 96.02621606154007 90.25653668470193 4 4 1 -1 -1
5 57 107.4696090878388 108.7773596172807 4 4 1 -1 -1
5 58 163.8616656237249 124.46771143580538 4 4 1 -1 -1
5 62 84.7885064590802 131.4584622460392 4 4 1 -1 -1
5 63 89.75970703524646 131.7691622820496 4 4 1 -1 -1
5 65 92.0899573053244 153.82886483878738 4 4 1 -1 -1
5 66 95.74068272844652 165.4024411801745 4 4 1 -1 -1
5 67 104.67330876374527 159.68038218364975 4 4 1 -1 -1
5 68 118.13697699086224 115.66454374884428 4 4 1 -1 -1
5 69 177.76125612699025 92.5818379600808 4 4 1 -1 -1
5 71 182.1964933052001 91.9982541208426 4 4 1 -1 -1
5 72 195.9107135272967 74.54909732762188 4 4 1 -1 -1
5 74 202.38849414284016 75.42447308647913 4 4 1 -1 -1
5 75 187.97062952800658 26.836054101800954 4 4 1 -1 -1
5 78 36.00367541205581 52.478176279858346 4 4 1 -1 -1
5 81 513.2179139176194 195.52692110283766 4 4 1 -1 -1
5 82 517.3533313969178 197.59462984248682 4 4 1 -1 -1
5 83 486.1309294282157 184.5680647826971 4 4 1 -1 -1
5 84 487.46345283821177 178.5717094377145 4 4 1 -1 -1
5 86 425.65044879347795 209.48395509546936 4 4 1 -1 -1
5 89 132.13865373180775 148.3695446612739 4 4 1 -1 -1
5 91 136.43442884146054 153.21815211794183 4 4 1 -1 -1
5 92 79.53374363431003 173.18969336430638 4 4 1 -1 -1
5 94 40.433626405353905 150.89679070540905 4 4 1 -1 -1
5 95 74.36202198748084 12.4882697509142 4 4 1 -1 -1
5 96 69.45619787722511 7.1338724636684505 4 4 1 -1 -1
5 98 66.23527417058403 8.464704284579629 4 4 1 -1 -1
5 99 656.6798225563954 115.07146032409563 4 4 1 -1 -1
5 100 659.8839131157687 117.76638810646284 4 4 1 -1 -1
5 101 664.0220530667302 118.50913117458411 4 4 1 -1 -1
5 105 596.5245469466352 202.21307004419037 4 4 1 -1 -1
5 108 123.75920203765438 140.98520636464812 4 4 1 -1 -1
5 109 123.75920203765438 140.98520636464812 4 4 1 -1 -1
5 110 132.04884429952065 138.971616753316 4 4 1 -1 -1
5 111 127.17008340348968 146.00730351917107 4 4 1 -1 -1
5 114 343.2722604845056 210.02832651629927 4 4 1 -1 -1
5 117 606.1746930466849 182.31172159107547 4 4 1 -1 -1
5 118 615.1229785816698 161.51491568367953 4 4 1 -1 -1
5 119 624.5261516911282 140.11193706690563 4 4 1 -1 -1
5 125 306.6879273457765 196.28200074602617 4 4 1 -1 -1
5 132 368.79871083641126 164.09940114965707 4 4 1 -1 -1
5 133 360.71735466102916 157.67575906153291 4 4 1 -1 -1
5 145 663.704956596648 154.95379003394515 4 4 1 -1 -1
5 146 484.638213898376 189.465984819474 4 4 1 -1 -1
5 149 483.3845676198873 192.97619439924256 4 4 1 -1 -1
5 154 121.82446747155156 134.25782281007747 4 4 1 -1 -1
5 155 190.6077312701887 122.41686175260415 4 4 1 -1 -1
5 156 167.01149116220284 119.57952842327411 4 4 1 -1 -1
5 157 138.44363422309883 125.352495120414 4 4 1 -1 -1
5 158 138.848006018365 121.63962681842439 4 4 1 -1 -1
5 159 13.043416180063218 130.31290372682787 4 4 1 -1 -1
5 161 14.173675785011737 133.32692934002395 4 4 1 -1 -1
5 164 621.6883699992535 143.0086745650116 4 4 1 -1 -1
5 165 482.75438035346184 184.4279121060157 4 4 1 -1 -1
5 167 484.86722298372774 181.0918447950696 4 4 1 -1 -1
5 168 488.41159613626724 172.72206405964513 4 4 1 -1 -1
5 171 595.0458853160046 208.22503361826193 4 4 1 -1 -1
5 172 237.9929760601677 131.28951030438725 4 4 1 -1 -1
5 174 146.40679538504227 159.89711840479436 4 4 1 -1 -1
5 175 408.37971021450556 208.99610820592562 4 4 1 -1 -1
6 5 134.2104695812709 187.24823911818737 4 4 1 -1 -1
6 9 141.83674319243502 182.5877385780315 4 4 1 -1 -1
6 10 143.39024337248702 170.30096442671146 4 4 1 -1 -1
6 11 127.29033241558487 171.28955545038087 4 4 1 -1 -1
6 12 160.97304086489322 176.02066963508457 4 4 1 -1 -1
6 16 175.44883799719554 171.28955545038093 4 4 1 -1 -1
6 17 163.4092116017929 159.07339494360872 4 4 1 -1 -1
6 18 158.07788143843274 162.81591810464295 4 4 1 -1 -1
6 21 205.5302505745653 146.8572344368365 4 4 1 -1 -1
6 23 208.07234177828667 141.49059745120252 4 4 1 -1 -1
6 26 252.55893784341094 157.73173569720018 4 4 1 -1 -1
6 42 274.3131006973757 157.19576865775576 4 4 1 -1 -1
6 43 275.3635516080044 152.64381471169816 4 4 1 -1 -1
6 44 307.5773795339503 171.2017807994714 4 4 1 -1 -1
6 49 321.46807550903264 141.82883900293683 4 4 1 -1 -1
6 50 233.89310721204606 130.41651580935402 4 4 1 -1 -1
6 55 395.1632744576667 195.44147344112412 4 4 1 -1 -1
6 56 93.69596579146213 89.16908655866555 4 4 1 -1 -1
6 57 104.51795874574009 109.08805965329108 4 4 1 -1 -1
6 58 161.68676537165214 122.91421125575343 4 4 1 -1 -1
6 62 85.09920649509058 131.3807872370366 4 4 1 -1 -1
6 63 89.96684039258672 131.66559560337947 4 4 1 -1 -1
6 65 92.4783323503374 153.518164802777 4 4 1 -1 -1
6 66 96.4397578094699 165.1694161531667 4 4 1 -1 -1
6 67 104.98400879975567 159.62859884431467 4 4 1 -1 -1
6 68 117.92984363352198 115.17260202516117 4 4 1 -1 -1
6 69 177.2943890555997 91.18123674590925 4 4 1 -1 -1
6 71 181.26275916241906 90.36421937097577 4 4 1 -1 -1
6 72 195.50220483983 74.49073894369806 4 4 1 -1 -1
6 74 201.68819353575438 75.42447308647914 4 4 1 -1 -1
6 75 188.25308410619786 24.858872054462097 4 4 1 -1 -1
6 78 34.624295428402 52.15985782209208 4 4 1 -1 -1
6 81 513.2179139176194 193.45921236318856 4 4 1 -1 -1
6 82 517.3533313969178 195.52692110283766 4 4 1 -1 -1
6 83 485.92415855425077 184.67145021967954 4 4 1 -1 -1
6 84 487.3485801304535 178.5717094377145 4 4 1 -1 -1
6 86 424.9267507346007 210.00088228038166 4 4 1 -1 -1
6 89 132.34407524321958 148.26683390556798 4 4 1 -1 -1
6 91 136.5308889801776 153.14580701390406 4 4 1 -1 -1
6 92 80.35076100924344 173.07297659645874 4 4 1 -1 -1
6 94 41.54243569990639 150.72171555363758 4 4 1 -1 -1
6 95 74.25521885010227 12.4882697509142 4 4 1 -1 -1
6 96 69.31379369405367 7.205074555254165 4 4 1 -1 -1
6 98 66.14206415978092 8.526844291781707 4 4 1 -1 -1
6 99 656.1492917934517 118.04243259658075 4 4 1 -1 -1
6 100 659.247276200236 119.4640865478829 4 4 1 -1 -1
6 101 663.1732038460202 121.05567883671422 4 4 1 -1 -1
6 105 596.6837061755183 202.31917619677915 4 4 1 -1 -1
6 108 123.75920203765438 140.98520636464812 4 4 1 -1 -1
6 109 123.75920203765438 140.98520636464812 4 4 1 -1 -1
6 110 132.07452198844712 138.74051755297768 4 4 1 -1 -1
6 111 127.34982722597503 145.98162583024458 4 4 1 -1 -1
6 114 343.07773253809285 210.04601087506404 4 4 1 -1 -1
6 117 606.422274069392 182.34709030860503 4 4 1 -1 -1
6 118 615.237926913641 161.62102183626828 4 4 1 -1 -1
6 119 624.5261516911282 140.11193706690563 4 4 1 -1 -1
6 125 308.2834771547622 196.96580780702004 4 4 1 -1 -1
6 132 367.55542527096793 162.02725854058474 4 4 1 -1 -1
6 133 359.0596405737713 155.8108307133678 4 4 1 -1 -1
6 145 664.1608279706439 152.21856178996967 4 4 1 -1 -1
6 146 484.2621200148294 189.465984819474 4 4 1 -1 -1
6 149 482.3816505970963 192.97619439924253 4 4 1 -1 -1
6 154 121.93168726575094 134.25782281007747 4 4 1 -1 -1
6 155 190.53709004487942 122.34622052729486 4 4 1 -1 -1
6 156 164.88853923705528 118.30575726818559 4 4 1 -1 -1
6 157 138.48039529539577 125.2605924396717 4 4 1 -1 -1
6 158 138.848006018365 121.63962681842439 4 4 1 -1 -1
6 159 13.796922583362253 130.31290372682787 4 4 1 -1 -1
6 161 15.492311990785032 133.1385527391992 4 4 1 -1 -1
6 164 621.7574414195559 142.98104599689066 4 4 1 -1 -1
6 165 482.64317810976365 184.38343120853642 4 4 1 -1 -1
6 167 484.7782611887692 181.06960434632995 4 4 1 -1 -1
6 168 488.2781534438294 172.74430450838477 4 4 1 -1 -1
6 171 595.3027624989475 208.73878798414762 4 4 1 -1 -1
6 172 237.86863536216276 131.24806340505228 4 4 1 -1 -1
6 174 146.87778287748523 159.6402161361891 4 4 1 -1 -1
6 175 410.65928967792945 210.03228068930014 4 4 1 -1 -1
7 5 133.64556042488834 185.55351164903976 4 4 1 -1 -1
7 9 142.40165234881755 182.44651128893588 4 4 1 -1 -1
7 10 143.71977371371017 170.11266137458395 4 4 1 -1 -1
7 11 127.85524157196741 171.0071008721896 4 4 1 -1 -1
7 12 161.18488179853665 175.855904464473 4 4 1 -1 -1
7 16 175.73129257538682 171.9956918958591 4 4 1 -1 -1
7 17 163.4798252463407 159.3558495218 4 4 1 -1 -1
7 18 158.25441554980227 162.70999763782123 4 4 1 -1 -1
7 21 201.85834105807885 146.7160071477409 4 4 1 -1 -1
7 23 204.40043226180023 140.64323371662874 4 4 1 -1 -1
7 26 249.59316477240267 155.89578093895696 4 4 1 -1 -1
7 42 270.2280138227087 156.26203451497472 4 4 1 -1 -1
7 43 271.97876534042314 151.59336380106947 4 4 1 -1 -1
7 44 310.84544903368396 167.93371129973775 4 4 1 -1 -1
7 49 319.91457532898073 144.15908927301479 4 4 1 -1 -1
7 50 233.68633633808116 130.416515809354 4 4 1 -1 -1
7 55 396.3005142644738 196.37194237396625 4 4 1 -1 -1
7 56 91.0550154853738 87.61558637861361 4 4 1 -1 -1
7 57 101.87700843965176 109.39875968930147 4 4 1 -1 -1
7 58 158.42441499354305 121.98211114772224 4 4 1 -1 -1
7 62 85.40990653110097 131.303112228034 4 4 1 -1 -1
7 63 90.17397374992699 131.56202892470932 4 4 1 -1 -1
7 65 92.86670739535039 153.2074647667666 4 4 1 -1 -1
7 66 96.75045784548027 164.8587161171563 4 4 1 -1 -1
7 67 105.29470883576606 159.5768155049796 4 4 1 -1 -1
7 68 117.72271027618172 114.68066030147804 4 4 1 -1 -1
7 69 176.12722137712336 88.73018462110902 4 4 1 -1 -1
7 71 180.91260885887615 88.14660078187082 4 4 1 -1 -1
7 72 195.1520545362871 74.49073894369808 4 4 1 -1 -1
7 74 201.1046096965162 75.42447308647914 4 4 1 -1 -1
7 75 188.95922055167603 22.740462718027608 4 4 1 -1 -1
7 78 31.335004698150605 51.098796296204526 4 4 1 -1 -1
7 81 513.8382265395142 190.56442012767974 4 4 1 -1 -1
7 82 517.7668731448478 192.63212886732884 4 4 1 -1 -1
7 83 485.71738768028587 184.774835656662 4 4 1 -1 -1
7 84 487.2337074226952 178.5717094377145 4 4 1 -1 -1
7 86 422.8590419949516 210.00088228038166 4 4 1 -1 -1
7 89 132.5494967546314 148.16412314986206 4 4 1 -1 -1
7 91 136.62734911889464 153.07346190986627 4 4 1 -1 -1
7 92 81.16777838417684 172.9562598286111 4 4 1 -1 -1
7 94 42.65124499445888 150.54664040186614 4 4 1 -1 -1
7 95 74.1484157127237 12.4882697509142 4 4 1 -1 -1
7 96 69.17138951088225 7.27627664683988 4 4 1 -1 -1
7 98 66.04885414897781 8.588984298983785 4 4 1 -1 -1
7 99 655.6187610305078 120.4828741061221 4 4 1 -1 -1
7 100 658.3984269795259 122.54116497295678 4 4 1 -1 -1
7 101 662.5365669304877 124.45107571955437 4 4 1 -1 -1
7 105 596.8428654044014 202.4252823493679 4 4 1 -1 -1
7 108 123.75920203765438 140.98520636464812 4 4 1 -1 -1
7 109 123.75920203765438 140.98520636464812 4 4 1 -1 -1
7 110 132.3099008036065 138.65492525655608 4 4 1 -1 -1
7 111 127.52957104846038 145.95594814131812 4 4 1 -1 -1
7 114 342.88320459168017 210.06369523382884 4 4 1 -1 -1
7 117 606.6698550920989 182.38245902613463 4 4 1 -1 -1
7 118 615.3528752456122 161.72712798885703 4 4 1 -1 -1
7 119 624.5261516911282 140.11193706690563 4 4 1 -1 -1
7 125 310.56283402474173 198.56135761600575 4 4 1 -1 -1
7 132 365.06885414008116 159.1262588878835 4 4 1 -1 -1
7 133 357.6091407474206 153.53147384338826 4 4 1 -1 -1
7 145 664.8446350316378 148.7995264850003 4 4 1 -1 -1
7 146 483.88602613128273 189.46598481947396 4 4 1 -1 -1
7 149 482.193603655323 193.16424134101584 4 4 1 -1 -1
7 152 310.23912142175914 216.75150289825777 4 4 1 -1 -1
7 154 122.0389070599503 134.25782281007747 4 4 1 -1 -1
7 155 190.46644881957013 122.27557930198557 4 4 1 -1 -1
7 156 163.33170782528043 117.03198611309706 4 4 1 -1 -1
7 157 138.5171563676927 125.16868975892937 4 4 1 -1 -1
7 158 138.848006018365 121.63962681842439 4 4 1 -1 -1
7 159 15.869065192434576 131.06641013012688 4 4 1 -1 -1
7 164 621.8265128398583 142.95341742876968 4 4 1 -1 -1
7 165 482.53197586606547 184.33895031105715 4 4 1 -1 -1
7 167 484.68929939381064 181.04736389759032 4 4 1 -1 -1
7 168 488.14471075139153 172.7665449571244 4 4 1 -1 -1
7 171 595.8165168648331 208.39628507355715 4 4 1 -1 -1
7 172 237.66140086548785 130.21189092167776 4 4 1 -1 -1
7 174 147.34877036992816 159.38331386758387 4 4 1 -1 -1
7 175 413.97504162472785 210.86121867599974 4 4 1 -1 -1
8 5 131.80960566664513 184.14123875808343 4 4 1 -1 -1
8 9 142.5428796379132 182.23467035529245 4 4 1 -1 -1
8 10 144.04930405493332 169.92435832245644 4 4 1 -1 -1
8 11 128.2789234392543 170.44219171580707 4 4 1 -1 -1
8 12 161.3967227321801 175.69113929386145 4 4 1 -1 -1
8 16 176.0137471535781 171.21894180583314 4 4 1 -1 -1
8 17 163.55043889088853 159.63830409999127 4 4 1 -1 -1
8 18 158.43094966117184 162.60407717099952 4 4 1 -1 -1
8 21 199.88115901074002 145.72741612407148 4 4 1 -1 -1
8 23 202.14079563627013 139.65464269295933 4 4 1 -1 -1
8 26 246.6273917013944 154.05982618071374 4 4 1 -1 -1
8 42 268.01039523360373 155.56173390788894 4 4 1 -1 -1
8 43 269.0608461442324 150.65962965828842 4 4 1 -1 -1
8 44 312.3627670157031 165.24922563924227 4 4 1 -1 -1
8 49 318.67177518493924 146.02328948907711 4 4 1 -1 -1
8 50 233.47956546411626 129.79620318745927 4 4 1 -1 -1
8 55 397.33436863429836 196.992254995861 4 4 1 -1 -1
8 56 88.72476521529586 86.37278623457205 4 4 1 -1 -1
8 57 99.39140815156863 109.39875968930147 4 4 1 -1 -1
8 58 157.18161484950147 120.89466102168585 4 4 1 -1 -1
8 62 86.65270667514254 131.7691622820496 4 4 1 -1 -1
8 63 90.38110710726724 131.4584622460392 4 4 1 -1 -1
8 65 93.41043245836858 153.518164802777 4 4 1 -1 -1
8 66 97.52720793550625 164.5480160811459 4 4 1 -1 -1
8 67 105.91610890778685 159.11076545096404 4 4 1 -1 -1
8 68 118.65481038421288 114.83601031948324 4 4 1 -1 -1
8 69 175.66035430573282 86.62928279985168 4 4 1 -1 -1
8 71 180.0955914839427 85.81226542491822 4 4 1 -1 -1
8 72 194.56847069704892 74.49073894369809 4 4 1 -1 -1
8 74 200.6377426251257 75.3077563186315 4 4 1 -1 -1
8 75 189.3829024189629 20.62205338159312 4 4 1 -1 -1
8 78 29.318987798964265 50.78047783843826 4 4 1 -1 -1
8 81 514.251768287444 189.5305657578552 4 4 1 -1 -1
8 82 517.7668731448478 190.35764925371478 4 4 1 -1 -1
8 83 485.441693181666 184.70591203200703 4 4 1 -1 -1
8 84 487.11883471493695 178.5717094377145 4 4 1 -1 -1
8 86 419.13716626358314 208.13994441469742 4 4 1 -1 -1
8 89 132.93466208852857 147.7147635936487 4 4 1 -1 -1
8 91 136.9167295350458 152.7358514243566 4 4 1 -1 -1
8 92 81.98479575911026 172.83954306076348 4 4 1 -1 -1
8 94 43.46826236939229 149.84633979478033 4 4 1 -1 -1
8 95 74.04161257534513 12.4882697509142 4 4 1 -1 -1
8 96 69.02898532771081 7.347478738425594 4 4 1 -1 -1
8 98 65.95564413817469 8.651124306185864 4 4 1 -1 -1
8 99 654.7699118097978 123.24163407342971 4 4 1 -1 -1
8 100 658.2923208269372 125.08771263508689 4 4 1 -1 -1
8 101 661.7938238623664 126.14877416097443 4 4 1 -1 -1
8 105 597.0020246332846 202.53138850195666 4 4 1 -1 -1
8 108 123.75920203765438 140.98520636464812 4 4 1 -1 -1
8 109 123.75920203765438 140.98520636464812 4 4 1 -1 -1
8 110 132.54527961876587 138.5693329601345 4 4 1 -1 -1
8 111 127.70931487094573 145.93027045239162 4 4 1 -1 -1
8 114 342.68867664526744 210.08137959259363 4 4 1 -1 -1
8 117 606.917436114806 182.4178277436642 4 4 1 -1 -1
8 118 615.4678235775833 161.8332341414458 4 4 1 -1 -1
8 119 624.5261516911282 140.11193706690563 4 4 1 -1 -1
8 125 311.4745767727336 201.29658585998123 4 4 1 -1 -1
8 132 363.41114005282327 157.46854480062564 4 4 1 -1 -1
8 146 483.7606615034339 189.5077730287569 4 4 1 -1 -1
8 149 482.0055567135497 193.35228828278917 4 4 1 -1 -1
8 154 122.36056644254842 134.12915905703824 4 4 1 -1 -1
8 155 190.39580759426084 122.2049380766763 4 4 1 -1 -1
8 156 161.6333462851624 116.04127521469486 4 4 1 -1 -1
8 157 138.55391743998962 125.07678707818707 4 4 1 -1 -1
8 158 138.848006018365 121.63962681842439 4 4 1 -1 -1
8 159 17.37607799903263 130.87803352930212 4 4 1 -1 -1
8 164 621.8955842601607 142.9257888606487 4 4 1 -1 -1
8 165 482.4207736223673 184.29446941357787 4 4 1 -1 -1
8 167 484.6003375988521 181.02512344885068 4 4 1 -1 -1
8 168 488.0112680589537 172.78878540586405 4 4 1 -1 -1
8 171 595.9449554563046 208.6531622565 4 4 1 -1 -1
8 172 236.83246287878825 130.00465642500285 4 4 1 -1 -1
8 174 147.81975786237112 159.12641159897862 4 4 1 -1 -1
9 5 131.38592379935824 183.29387502350966 4 4 1 -1 -1
9 9 142.68410692700883 182.022829421649 4 4 1 -1 -1
9 10 144.37883439615646 169.73605527032893 4 4 1 -1 -1
9 11 128.91444624018465 170.30096442671146 4 4 1 -1 -1
9 12 161.60856366582357 175.52637412324987 4 4 1 -1 -1
9 16 176.29620173176937 170.44219171580716 4 4 1 -1 -1
9 17 164.68025720365358 159.07339494360872 4 4 1 -1 -1
9 18 158.60748377254137 162.49815670417777 4 4 1 -1 -1
9 21 197.9039769634012 144.31514323311518 4 4 1 -1 -1
9 23 200.1636135889313 137.25377877833358 4 4 1 -1 -1
9 26 245.21511881043807 153.3536897352356 4 4 1 -1 -1
9 42 264.8590425017177 154.3945662294126 4 4 1 -1 -1
9 43 265.90949341234636 149.842612283355 4 4 1 -1 -1
9 44 314.2302353012652 162.21458967520388 4 4 1 -1 -1
9 49 317.27362502289253 148.81958981317064 4 4 1 -1 -1
9 50 234.09987808601102 131.03682843124875 4 4 1 -1 -1
9 55 399.1953064999826 199.88704723136982 4 4 1 -1 -1
9 56 87.94801512526988 84.19788598249932 4 4 1 -1 -1
9 57 97.52720793550628 109.86480974331707 4 4 1 -1 -1
9 58 154.22996450740274 119.80721089564946 4 4 1 -1 -1
9 62 86.88573170215034 132.39056235407037 4 4 1 -1 -1
9 63 91.31320721529842 131.9245123000548 4 4 1 -1 -1
9 65 93.95415752138676 153.8288648387874 4 4 1 -1 -1
9 66 98.61465806154263 164.8587161171563 4 4 1 -1 -1
9 67 107.00355903382322 158.80006541495365 4 4 1 -1 -1
9 68 119.27621045623366 114.68066030147803 4 4 1 -1 -1
9 69 174.8433369307994 84.64509774644196 4 4 1 -1 -1
9 71 179.7454411803998 84.06151390720376 4 4 1 -1 -1
9 72 194.15996200958222 74.37402217585046 4 4 1 -1 -1
9 74 200.4043090894304 75.07432278293626 4 4 1 -1 -1
9 75 189.52412970805855 18.92732591244553 4 4 1 -1 -1
9 78 27.727395510132943 50.24994707549449 4 4 1 -1 -1
9 81 514.044997413479 186.2222317744165 4 4 1 -1 -1
9 82 517.9736440188126 187.66962789217087 4 4 1 -1 -1
9 83 485.1659986830461 184.63698840735205 4 4 1 -1 -1
9 84 487.00396200717864 178.5717094377145 4 4 1 -1 -1
9 86 418.93039538961824 206.89931917090794 4 4 1 -1 -1
9 89 133.31982742242576 147.26540403743536 4 4 1 -1 -1
9 91 137.20610995119694 152.39824093884693 4 4 1 -1 -1
9 92 82.9185299018913 173.0729765964587 4 4 1 -1 -1
9 94 44.75214681571623 150.31320686617087 4 4 1 -1 -1
9 95 73.93480943796655 12.4882697509142 4 4 1 -1 -1
9 96 68.88658114453938 7.418680830011309 4 4 1 -1 -1
9 98 65.86243412737157 8.713264313387942 4 4 1 -1 -1
9 99 653.7088502839101 125.5759694303823 4 4 1 -1 -1
9 100 657.5495777588159 127.10372953427321 4 4 1 -1 -1
9 101 661.6877177097776 128.16479106016075 4 4 1 -1 -1
9 105 597.1611838621677 202.6374946545454 4 4 1 -1 -1
9 108 123.75920203765438 140.98520636464812 4 4 1 -1 -1
9 109 123.75920203765438 140.98520636464812 4 4 1 -1 -1
9 110 132.78065843392528 138.4837406637129 4 4 1 -1 -1
9 111 128.47964553874007 145.28832822922965 4 4 1 -1 -1
9 114 342.4941486988547 210.0990639513584 4 4 1 -1 -1
9 117 607.4479668777498 183.16057081178545 4 4 1 -1 -1
9 118 615.5827719095545 161.93934029403457 4 4 1 -1 -1
9 119 624.5261516911282 140.11193706690563 4 4 1 -1 -1
9 125 312.61425520772343 203.12007135596485 4 4 1 -1 -1
9 132 361.1317831828437 156.22525923518225 4 4 1 -1 -1
9 146 483.63529687558497 189.54956123803987 4 4 1 -1 -1
9 149 481.8175097717764 193.54033522456248 4 4 1 -1 -1
9 153 310.52218167844546 216.75150289825777 4 4 1 -1 -1
9 154 122.68222582514653 134.000495303999 4 4 1 -1 -1
9 155 190.32516636895156 122.13429685136701 4 4 1 -1 -1
9 156 158.51968346161266 114.34291367457683 4 4 1 -1 -1
9 157 138.59067851228656 124.98488439744474 4 4 1 -1 -1
9 158 138.848006018365 121.63962681842439 4 4 1 -1 -1
9 164 621.9646556804632 142.89816029252776 4 4 1 -1 -1
9 165 482.3273637376608 184.20105952887138 4 4 1 -1 -1
9 167 484.4135178294391 180.9939868206152 4 4 1 -1 -1
9 168 488.147490807484 172.8471665838056 4 4 1 -1 -1
9 171 596.073394047776 208.91003943944287 4 4 1 -1 -1
9 172 236.7081221807833 129.92176262633288 4 4 1 -1 -1
9 174 148.29074535481408 158.86950933037338 4 4 1 -1 -1
9 175 419.3631385382752 214.5914396161479 4 4 1 -1 -1
10 5 130.39733277568882 181.45792026526644 4 4 1 -1 -1
10 9 143.31962972793917 181.74037484345774 4 4 1 -1 -1
10 10 144.80251626344335 169.73605527032893 4 4 1 -1 -1
10 11 129.549969041115 170.15973713761582 4 4 1 -1 -1
10 12 162.45592740039737 174.96146496686734 4 4 1 -1 -1
10 16 177.00233817724757 170.5834190049028 4 4 1 -1 -1
10 17 164.68025720365358 159.07339494360872 4 4 1 -1 -1
10 18 158.7840178839109 162.39223623735606 4 4 1 -1 -1
10 21 195.07943118148853 144.17391594401957 4 4 1 -1 -1
10 23 197.197840517923 136.68886962195106 4 4 1 -1 -1
10 26 241.54320929395163 151.65896226608803 4 4 1 -1 -1
10 42 261.70768976983163 153.46083208663154 4 4 1 -1 -1
10 43 262.4079903769175 148.2085775334882 4 4 1 -1 -1
10 44 315.3974029797415 160.11368785394657 4 4 1 -1 -1
10 49 315.4094248068302 150.99449006524338 4 4 1 -1 -1
10 50 233.27279459015136 129.79620318745924 4 4 1 -1 -1
10 55 403.123953105316 200.71413072722947 4 4 1 -1 -1
10 56 84.53031472915558 82.48903578444217 4 4 1 -1 -1
10 57 95.04160764742315 109.70945972531189 4 4 1 -1 -1
10 58 152.36576429134038 118.40906073360269 4 4 1 -1 -1
10 62 87.11875672915812 133.01196242609115 4 4 1 -1 -1
10 63 91.49962723690466 131.9245123000548 4 4 1 -1 -1
10 65 95.04160764742313 153.6735148207822 4 4 1 -1 -1
10 66 98.92535809755302 164.23731604513551 4 4 1 -1 -1
10 67 107.78030912384921 158.33401536093805 4 4 1 -1 -1
10 68 119.27621045623366 114.68066030147803 4 4 1 -1 -1
10 69 174.1430363237136 82.54419592518462 4 4 1 -1 -1
10 71 178.81170703761876 81.4937450145559 4 4 1 -1 -1
10 72 193.75145332211548 74.25730540800282 4 4 1 -1 -1
10 74 199.93744201803986 74.95760601508864 4 4 1 -1 -1
10 75 190.37149344263233 15.255416395959081 4 4 1 -1 -1
10 78 24.11978632211528 49.40109785478445 4 4 1 -1 -1
10 81 514.4585391614089 184.36129390873225 4 4 1 -1 -1
10 82 517.5601022708828 185.18837740459188 4 4 1 -1 -1
10 83 484.8903041844262 184.5680647826971 4 4 1 -1 -1
10 84 486.8890892994204 178.5717094377145 4 4 1 -1 -1
10 86 417.8965410197937 206.27900654901322 4 4 1 -1 -1
10 89 133.70499275632295 147.13701559280298 4 4 1 -1 -1
10 91 137.54372043670662 152.30178080012988 4 4 1 -1 -1
10 92 84.4358478839105 173.4231269000016 4 4 1 -1 -1
10 94 47.20319894051647 149.72962302693273 4 4 1 -1 -1
10 95 73.82800630058799 12.4882697509142 4 4 1 -1 -1
10 96 68.74417696136796 7.489882921597023 4 4 1 -1 -1
10 98 65.76922411656845 8.77540432059002 4 4 1 -1 -1
10 99 652.7538949106114 128.54694170286743 4 4 1 -1 -1
10 100 656.2763039277509 130.28691411193586 4 4 1 -1 -1
10 101 660.0961254209464 131.34797563782337 4 4 1 -1 -1
10 105 597.479502319934 202.95581311231166 4 4 1 -1 -1
10 108 123.75920203765438 140.98520636464812 4 4 1 -1 -1
10 109 123.75920203765438 140.98520636464812 4 4 1 -1 -1
10 110 133.01603724908466 138.3981483672913 4 4 1 -1 -1
10 111 128.60803398337248 145.48091089617822 4 4 1 -1 -1
10 114 342.4941486988547 209.46242703582587 4 4 1 -1 -1
10 117 608.0392389872121 183.3357483846766 4 4 1 -1 -1
10 118 615.6977202415255 162.04544644662332 4 4 1 -1 -1
10 119 624.5261516911282 140.11193706690563 4 4 1 -1 -1
10 125 313.75393364271326 206.31117097393624 4 4 1 -1 -1
10 132 359.2668548346786 153.5314738433882 4 4 1 -1 -1
10 146 483.50993224773606 189.59134944732284 4 4 1 -1 -1
10 149 481.62946283000304 193.7283821663358 4 4 1 -1 -1
10 154 122.83662232879362 133.8460988003519 4 4 1 -1 -1
10 155 190.19958196840173 122.0715046510921 4 4 1 -1 -1
10 156 156.25520140812193 113.06914251948831 4 4 1 -1 -1
10 157 138.59067851228656 124.6846689736865 4 4 1 -1 -1
10 158 138.848006018365 121.63962681842439 4 4 1 -1 -1
10 160 20.955233414703002 130.31290372682784 4 4 1 -1 -1
10 164 622.0337271007656 142.8705317244068 4 4 1 -1 -1
10 165 482.2339538529543 184.1076496441649 4 4 1 -1 -1
10 167 484.22669806002614 180.96285019237968 4 4 1 -1 -1
10 168 488.2837135560143 172.90554776174716 4 4 1 -1 -1
10 171 596.2018326392474 209.1669166223857 4 4 1 -1 -1
10 172 236.58378148277836 129.8388688276629 4 4 1 -1 -1
10 174 148.46201353388423 158.92659872339675 4 4 1 -1 -1
10 175 422.05718699504894 214.7986741128228 4 4 1 -1 -1
11 5 128.9144462401847 180.25748830795357 4 4 1 -1 -1
11 9 143.95515252886952 181.45792026526647 4 4 1 -1 -1
11 10 145.3674254198259 169.5948279812333 4 4 1 -1 -1
11 11 129.69119633021063 170.11266137458395 4 4 1 -1 -1
11 12 162.5500789264611 174.72608615170796 4 4 1 -1 -1
11 16 176.91760180379018 170.4986826314454 4 4 1 -1 -1
11 17 163.90350711362763 160.39151630850128 4 4 1 -1 -1
11 18 159.06647246210218 162.25100894826045 4 4 1 -1 -1
11 21 192.67856726686279 142.9028703421589 4 4 1 -1 -1
11 23 194.23206744691473 136.12396046556853 4 4 1 -1 -1
11 26 239.00111809023025 150.10546208603608 4 4 1 -1 -1
11 42 258.7897705736409 152.17694764030762 4 4 1 -1 -1
11 43 259.9569382521173 147.62499369425004 4 4 1 -1 -1
11 44 318.4320389437799 154.8614333008032 4 4 1 -1 -1
11 49 313.5452245907678 153.16939031731613 4 4 1 -1 -1
11 50 233.06602371618646 130.2097449353891 4 4 1 -1 -1
11 55 404.5713492230704 202.16152684498388 4 4 1 -1 -1
11 56 82.97681454910362 81.2462356404006 4 4 1 -1 -1
11 57 92.40065734133482 110.17550977932748 4 4 1 -1 -1
11 58 150.34621405727285 117.63231064357672 4 4 1 -1 -1
11 62 87.42945676516851 133.0637457654262 4 4 1 -1 -1
11 63 91.6860472585109 131.9245123000548 4 4 1 -1 -1
11 65 95.50765770143872 153.44048979377442 4 4 1 -1 -1
11 66 99.31373314256601 163.92661600912513 4 4 1 -1 -1
11 67 108.0910091598596 157.86796530692249 4 4 1 -1 -1
11 68 119.27621045623366 114.68066030147803 4 4 1 -1 -1
11 69 173.44273571662782 80.67672763962254 4 4 1 -1 -1
11 71 178.5782735019235 80.09314380038434 4 4 1 -1 -1
11 72 193.05115271502967 74.1405886401552 4 4 1 -1 -1
11 74 199.3538581788017 75.07432278293626 4 4 1 -1 -1
11 75 190.23026615353675 13.27823434862022 4 4 1 -1 -1
11 78 22.422087880695205 48.65835478666317 4 4 1 -1 -1
11 81 514.0449974134791 181.46650167322343 4 4 1 -1 -1
11 82 517.9736440188126 182.70712691701289 4 4 1 -1 -1
11 83 484.8903041844262 184.5680647826971 4 4 1 -1 -1
11 84 486.7742165916621 178.5717094377145 4 4 1 -1 -1
11 86 415.8288322801446 205.45192305315356 4 4 1 -1 -1
11 89 134.09015809022014 147.0086271481706 4 4 1 -1 -1
11 91 137.88133092221628 152.20532066141283 4 4 1 -1 -1
11 92 84.66928141960577 172.83954306076342 4 4 1 -1 -1
11 94 47.436632476211734 149.57400066980256 4 4 1 -1 -1
11 95 73.72120316320941 12.4882697509142 4 4 1 -1 -1
11 96 68.60177277819652 7.561085013182738 4 4 1 -1 -1
11 98 65.67601410576533 8.837544327792099 4 4 1 -1 -1
11 99 651.9050456899014 130.03242783910997 4 4 1 -1 -1
11 100 655.6396670122182 132.0907187059447 4 4 1 -1 -1
11 101 659.5655946580026 133.57620484218722 4 4 1 -1 -1
11 105 597.7978207777003 203.2741315700779 4 4 1 -1 -1
11 108 123.75920203765438 140.98520636464812 4 4 1 -1 -1
11 109 123.75920203765438 140.98520636464812 4 4 1 -1 -1
11 110 133.25141606424404 138.3125560708697 4 4 1 -1 -1
11 111 128.73642242800486 145.67349356312678 4 4 1 -1 -1
11 114 342.4941486988547 209.46242703582587 4 4 1 -1 -1
11 117 608.6305110966746 183.51092595756776 4 4 1 -1 -1
11 118 615.8126685734967 162.15155259921207 4 4 1 -1 -1
11 119 624.5261516911282 140.11193706690563 4 4 1 -1 -1
11 125 314.2098050167092 208.13465646991986 4 4 1 -1 -1
11 146 483.3845676198872 189.63313765660578 4 4 1 -1 -1
11 149 481.62946283000304 193.7283821663358 4 4 1 -1 -1
11 154 122.99101883244072 133.69170229670482 4 4 1 -1 -1
11 155 190.07399756785188 122.00871245081717 4 4 1 -1 -1
11 156 153.42459884125856 111.93690149274296 4 4 1 -1 -1
11 157 138.59067851228656 124.38445354992827 4 4 1 -1 -1
11 158 138.848006018365 121.63962681842439 4 4 1 -1 -1
11 160 21.190704165733948 130.31290372682784 4 4 1 -1 -1
11 164 622.102798521068 142.84290315628581 4 4 1 -1 -1
11 165 482.14054396824775 184.0142397594584 4 4 1 -1 -1
11 167 484.0398782906131 180.9317135641442 4 4 1 -1 -1
11 168 488.4199363045446 172.9639289396887 4 4 1 -1 -1
11 171 596.3302712307188 209.42379380532856 4 4 1 -1 -1
11 172 236.45944078477342 129.75597502899296 4 4 1 -1 -1
11 174 148.6332817129544 158.98368811642013 4 4 1 -1 -1
11 175 424.3367664584728 216.24931558954705 4 4 1 -1 -1
12 5 127.43155970468055 179.05705635064072 4 4 1 -1 -1
12 9 144.09637981796516 181.246079331623 4 4 1 -1 -1
12 10 145.43803906437373 169.31237340304205 4 4 1 -1 -1
12 11 129.83242361930627 170.06558561155205 4 4 1 -1 -1
12 12 162.64423045252488 174.49070733654855 4 4 1 -1 -1
12 16 176.83286543033282 170.41394625798804 4 4 1 -1 -1
12 17 164.22126851409277 159.52061469241156 4 4 1 -1 -1
12 18 159.20769975119782 160.97996334639978 4 4 1 -1 -1
12 21 190.70138521952396 142.19673389668077 4 4 1 -1 -1
12 23 191.68997624319334 134.57046028551656 4 4 1 -1 -1
12 26 235.89411773012634 148.97564377327103 4 4 1 -1 -1
12 42 256.1052849131454 151.24321349752657 4 4 1 -1 -1
12 43 256.57215198453605 146.80797631931662 4 4 1 -1 -1
12 44 319.2490563187133 152.64381471169827 4 4 1 -1 -1
12 49 313.2345245547575 155.03359053337851 4 4 1 -1 -1
12 50 232.85925284222154 130.62328668331892 4 4 1 -1 -1
12 55 406.0187453408248 202.3682977189488 4 4 1 -1 -1
12 56 80.1805142250101 79.22668540633306 4 4 1 -1 -1
12 57 89.4490069992361 110.48620981533787 4 4 1 -1 -1
12 58 147.70526375118453 116.07881046352476 4 4 1 -1 -1
12 62 87.74015680117891 133.11552910476126 4 4 1 -1 -1
12 63 91.87246728011712 131.9245123000548 4 4 1 -1 -1
12 65 95.97370775545431 153.20746476676663 4 4 1 -1 -1
12 66 99.702108187579 163.61591597311474 4 4 1 -1 -1
12 67 108.24635917786479 157.9456403159251 4 4 1 -1 -1
12 68 119.27621045623366 114.68066030147803 4 4 1 -1 -1
12 69 172.74243510954204 78.5758258183652 4 4 1 -1 -1
12 71 177.29438905559954 77.29194137204124 4 4 1 -1 -1
12 72 192.8177191793344 74.08223025623138 4 4 1 -1 -1
12 74 199.1204246431064 74.95760601508863 4 4 1 -1 -1
12 75 190.23026615353677 11.442279590376994 4 4 1 -1 -1
12 78 19.875540218565092 48.44614248148566 4 4 1 -1 -1
12 81 513.6314556655493 178.15816768978476 4 4 1 -1 -1
12 82 517.9736440188126 179.81233468150407 4 4 1 -1 -1
12 83 484.8903041844262 184.5680647826971 4 4 1 -1 -1
12 84 486.65934388390383 178.5717094377145 4 4 1 -1 -1
12 86 414.1746652884253 203.79775606143426 4 4 1 -1 -1
12 89 134.09015809022014 147.0086271481706 4 4 1 -1 -1
12 91 137.97779106093333 152.03651541865798 4 4 1 -1 -1
12 92 84.7859981874534 172.8395430607634 4 4 1 -1 -1
12 94 47.67006601190699 149.41837831267236 4 4 1 -1 -1
12 95 73.61440002583083 12.4882697509142 4 4 1 -1 -1
12 96 68.4593685950251 7.632287104768452 4 4 1 -1 -1
12 98 65.58280409496221 8.899684334994177 4 4 1 -1 -1
12 99 651.1623026217801 133.10950626418386 4 4 1 -1 -1
12 100 654.6847116389193 134.84947867325232 4 4 1 -1 -1
12 101 659.6717008105912 136.22885865690608 4 4 1 -1 -1
12 105 597.9569800065834 203.48634387525541 4 4 1 -1 -1
12 107 657.7857841989262 219.29950044707817 4 4 1 -1 -1
12 108 123.75920203765438 140.98520636464812 4 4 1 -1 -1
12 109 123.75920203765438 140.98520636464812 4 4 1 -1 -1
12 110 133.48679487940342 138.2269637744481 4 4 1 -1 -1
12 111 128.73642242800486 145.1599397845972 4 4 1 -1 -1
12 114 342.4941486988547 209.46242703582587 4 4 1 -1 -1
12 117 609.2217832061369 183.68610353045892 4 4 1 -1 -1
12 118 615.9276169054679 162.25765875180082 4 4 1 -1 -1
12 119 624.5261516911282 140.11193706690563 4 4 1 -1 -1
12 125 314.8936120777031 210.18607765290145 4 4 1 -1 -1
12 146 483.25920299203835 189.67492586588872 4 4 1 -1 -1
12 149 481.62946283000304 193.7283821663358 4 4 1 -1 -1
12 154 123.14541533608782 133.53730579305773 4 4 1 -1 -1
12 155 189.94841316730205 121.94592025054226 4 4 1 -1 -1
12 156 151.301646916111 110.8046604659976 4 4 1 -1 -1
12 157 138.59067851228656 124.08423812617002 4 4 1 -1 -1
12 158 138.848006018365 121.63962681842439 4 4 1 -1 -1
12 160 21.426174916764893 130.31290372682784 4 4 1 -1 -1
12 164 622.1718699413705 142.81527458816487 4 4 1 -1 -1
12 165 482.04713408354127 183.92082987475192 4 4 1 -1 -1
12 167 483.8530585212001 180.90057693590867 4 4 1 -1 -1
12 168 488.5561590530749 173.02231011763027 4 4 1 -1 -1
12 171 596.758399868957 209.5950452606238 4 4 1 -1 -1
12 172 236.33510008676848 129.673081230323 4 4 1 -1 -1
12 174 148.80454989202457 159.0407775094435 4 4 1 -1 -1
13 5 126.7254232592024 178.20969261606695 4 4 1 -1 -1
13 9 144.2376071070608 181.03423839797955 4 4 1 -1 -1
13 10 145.50865270892155 169.02991882485077 4 4 1 -1 -1
13 11 129.9736509084019 170.01850984852018 4 4 1 -1 -1
13 12 162.73838197858862 174.25532852138917 4 4 1 -1 -1
13 16 176.74812905687543 170.32920988453066 4 4 1 -1 -1
13 17 164.53902991455794 158.6497130763218 4 4 1 -1 -1
13 18 159.34892704029346 160.9799633463998 4 4 1 -1 -1
13 21 188.15929401580257 142.05550660758513 4 4 1 -1 -1
13 23 189.147885039472 134.00555112913403 4 4 1 -1 -1
13 26 232.92834465911807 147.84582546050598 4 4 1 -1 -1
13 42 252.95393218125938 150.30947935474552 4 4 1 -1 -1
13 43 254.12109985973584 145.5240918729927 4 4 1 -1 -1
13 44 319.83264015795146 150.19276258689803 4 4 1 -1 -1
13 49 311.05962430268477 156.8977907494409 4 4 1 -1 -1
13 50 232.2389402203268 130.0029740614242 4 4 1 -1 -1
13 55 407.46614145857916 203.4021520887734 4 4 1 -1 -1
13 56 78.00561397293735 77.6731852262811 4 4 1 -1 -1
13 57 86.3420066391322 110.64155983334308 4 4 1 -1 -1
13 58 144.4429133730754 113.43786015743642 4 4 1 -1 -1
13 62 88.0508568371893 133.16731244409632 4 4 1 -1 -1
13 63 92.05888730172336 131.9245123000548 4 4 1 -1 -1
13 65 96.2844077914647 153.36281478477184 4 4 1 -1 -1
13 66 100.32350825959978 163.14986591909917 4 4 1 -1 -1
13 67 108.40170919586998 158.0233153249277 4 4 1 -1 -1
13 68 119.27621045623366 114.68066030147803 4 4 1 -1 -1
13 69 172.04213450245624 76.12477369356498 4 4 1 -1 -1
13 71 176.59408844851373 75.77462339002204 4 4 1 -1 -1
13 72 192.58428564363913 74.02387187230758 4 4 1 -1 -1
13 74 198.65355757171585 74.60745571154575 4 4 1 -1 -1
13 75 190.2302661535368 8.758961097559968 4 4 1 -1 -1
13 78 17.116780251257474 47.491187108186864 4 4 1 -1 -1
13 81 513.4246847915845 175.8836880761707 4 4 1 -1 -1
13 82 517.7668731448478 177.7446259418549 4 4 1 -1 -1
13 83 484.8903041844262 184.5680647826971 4 4 1 -1 -1
13 84 486.5444711761455 178.5717094377145 4 4 1 -1 -1
13 86 412.4171128597235 202.66051625462723 4 4 1 -1 -1
13 89 134.09015809022014 147.0086271481706 4 4 1 -1 -1
13 91 138.07425119965038 151.86771017590314 4 4 1 -1 -1
13 92 84.90271495530104 172.8395430607634 4 4 1 -1 -1
13 94 47.90349954760225 149.2627559555422 4 4 1 -1 -1
13 95 73.61440002583083 12.4882697509142 4 4 1 -1 -1
13 96 68.31696441185366 7.703489196354167 4 4 1 -1 -1
13 97 94.97502750154527 10.950304572662759 4 4 1 -1 -1
13 98 65.58280409496221 8.899684334994177 4 4 1 -1 -1
13 99 650.3134534010701 135.01941701078144 4 4 1 -1 -1
13 100 654.0480747233867 136.33496480949486 4 4 1 -1 -1
13 101 658.3984269795262 138.0326632509149 4 4 1 -1 -1
13 105 598.1161392354666 203.69855618043292 4 4 1 -1 -1
13 107 657.7857841989261 218.13233276860186 4 4 1 -1 -1
13 108 123.75920203765438 140.98520636464812 4 4 1 -1 -1
13 109 123.75920203765438 140.98520636464812 4 4 1 -1 -1
13 110 133.8719602133006 137.97018688518332 4 4 1 -1 -1
13 111 129.12158776190202 144.38960911680283 4 4 1 -1 -1
13 114 342.4941486988547 209.46242703582587 4 4 1 -1 -1
13 117 609.2217832061369 183.68610353045892 4 4 1 -1 -1
13 118 616.042565237439 162.36376490438957 4 4 1 -1 -1
13 119 624.5261516911282 140.11193706690563 4 4 1 -1 -1
13 146 483.13383836418944 189.7167140751717 4 4 1 -1 -1
13 149 481.62946283000304 193.7283821663358 4 4 1 -1 -1
13 154 123.29981183973491 133.38290928941063 4 4 1 -1 -1
13 155 189.82282876675222 121.88312805026735 4 4 1 -1 -1
13 156 149.32022511930663 109.38935918256591 4 4 1 -1 -1
13 157 138.59067851228656 124.08423812617002 4 4 1 -1 -1
13 158 138.848006018365 121.63962681842439 4 4 1 -1 -1
13 160 21.661645667795838 130.31290372682784 4 4 1 -1 -1
13 164 622.2409413616729 142.7876460200439 4 4 1 -1 -1
13 168 488.6923818016052 173.08069129557182 4 4 1 -1 -1
13 171 597.1865285071951 209.76629671591903 4 4 1 -1 -1
13 172 236.21075938876353 129.59018743165302 4 4 1 -1 -1
13 174 148.97581807109472 158.86950933037332 4 4 1 -1 -1
14 5 125.59560494643735 177.22110159239753 4 4 1 -1 -1
14 9 144.52006168525207 180.61055653069266 4 4 1 -1 -1
14 10 145.57926635346936 168.74746424665952 4 4 1 -1 -1
14 11 130.04426455294973 169.7360552703289 4 4 1 -1 -1
14 12 162.73838197858862 174.25532852138917 4 4 1 -1 -1
14 16 176.66339268341807 170.2444735110733 4 4 1 -1 -1
14 17 164.2565753363667 157.94357663084367 4 4 1 -1 -1
14 18 159.34892704029346 160.5562814791129 4 4 1 -1 -1
14 21 185.33474823388994 140.92568829482008 4 4 1 -1 -1
14 23 186.6057938357506 133.4406419727515 4 4 1 -1 -1
14 26 230.1037988772054 146.71600714774092 4 4 1 -1 -1
14 42 249.80257944937335 149.60917874765974 4 4 1 -1 -1
14 43 251.78676450278326 145.1739415694498 4 4 1 -1 -1
14 44 319.83264015795146 145.75752540868808 4 4 1 -1 -1
14 49 309.3507741046276 159.53874105552921 4 4 1 -1 -1
14 50 232.2389402203268 130.2097449353891 4 4 1 -1 -1
14 55 409.53385019822827 204.8495482065278 4 4 1 -1 -1
14 56 75.36466366684903 76.11968504622914 4 4 1 -1 -1
14 57 84.01175636905425 110.79690985134829 4 4 1 -1 -1
14 58 142.57871315701306 113.12716012142603 4 4 1 -1 -1
14 62 89.75970703524646 132.85661240808594 4 4 1 -1 -1
14 63 92.2453073233296 131.9245123000548 4 4 1 -1 -1
14 65 96.59510782747509 152.89676473075627 4 4 1 -1 -1
14 66 100.5824249562751 162.994515901094 4 4 1 -1 -1
14 67 108.71240923188037 157.91974864625757 4 4 1 -1 -1
14 68 119.27621045623366 114.68066030147803 4 4 1 -1 -1
14 69 170.99168359182755 74.14058864015527 4 4 1 -1 -1
14 71 175.89378784142792 73.55700480091708 4 4 1 -1 -1
14 72 192.23413534009626 74.0238718723076 4 4 1 -1 -1
14 74 198.06997373247768 74.60745571154577 4 4 1 -1 -1
14 75 190.65394802082372 6.075642604742942 4 4 1 -1 -1
14 78 14.676338741716119 46.96065634524309 4 4 1 -1 -1
14 81 513.6314556655493 173.60920846255664 4 4 1 -1 -1
14 82 517.5601022708829 174.8498337063461 4 4 1 -1 -1
14 83 484.8903041844262 184.5680647826971 4 4 1 -1 -1
14 84 486.1309294282157 178.88186574866188 4 4 1 -1 -1
14 86 410.65956043102176 201.5232764478202 4 4 1 -1 -1
14 89 134.09015809022014 147.0086271481706 4 4 1 -1 -1
14 91 138.17071133836743 151.69890493314833 4 4 1 -1 -1
14 92 84.98052613386612 172.64501511435068 4 4 1 -1 -1
14 94 48.136933083297514 149.26275595554216 4 4 1 -1 -1
14 95 73.61440002583083 12.4882697509142 4 4 1 -1 -1
14 96 68.31696441185366 7.703489196354167 4 4 1 -1 -1
14 97 94.97502750154526 10.437649513245614 4 4 1 -1 -1
14 98 65.58280409496221 8.899684334994177 4 4 1 -1 -1
14 99 649.9951349433038 137.35375236773405 4 4 1 -1 -1
14 100 652.8809070449104 138.88151247162497 4 4 1 -1 -1
14 101 657.7617900639935 140.57921091304502 4 4 1 -1 -1
14 105 598.1161392354666 203.69855618043292 4 4 1 -1 -1
14 107 658.3693680381641 216.14814771519212 4 4 1 -1 -1
14 108 123.75920203765438 140.98520636464812 4 4 1 -1 -1
14 109 123.75920203765438 140.98520636464812 4 4 1 -1 -1
14 110 134.25712554719777 137.71340999591854 4 4 1 -1 -1
14 111 129.12158776190202 144.38960911680283 4 4 1 -1 -1
14 114 342.4941486988547 209.46242703582587 4 4 1 -1 -1
14 117 609.2217832061369 183.68610353045892 4 4 1 -1 -1
14 118 616.6642080201607 162.5709791652968 4 4 1 -1 -1
14 119 624.5261516911282 140.11193706690563 4 4 1 -1 -1
14 146 482.8831091084917 190.7196310979627 4 4 1 -1 -1
14 149 481.62946283000304 193.7283821663358 4 4 1 -1 -1
14 154 123.454208343382 133.22851278576354 4 4 1 -1 -1
14 155 189.69724436620237 121.82033584999242 4 4 1 -1 -1
14 156 147.1972731941591 107.69099764244788 4 4 1 -1 -1
14 157 138.59067851228656 124.08423812617002 4 4 1 -1 -1
14 158 138.848006018365 121.63962681842439 4 4 1 -1 -1
14 160 21.897116418826784 130.31290372682784 4 4 1 -1 -1
14 164 622.3100127819753 142.76001745192292 4 4 1 -1 -1
14 168 488.82860455013554 173.13907247351338 4 4 1 -1 -1
14 171 597.5290314177855 209.76629671591903 4 4 1 -1 -1
14 172 235.38182140206393 129.7974219283279 4 4 1 -1 -1
14 174 149.14708625016488 158.69824115130314 4 4 1 -1 -1
15 5 124.18333205548102 176.23251056872812 4 4 1 -1 -1
15 9 144.52006168525207 180.61055653069266 4 4 1 -1 -1
15 10 145.64987999801718 168.46500966846827 4 4 1 -1 -1
15 11 130.11487819749755 169.45360069213766 4 4 1 -1 -1
15 12 162.73838197858862 174.25532852138917 4 4 1 -1 -1
15 16 176.57865630996068 170.1597371376159 4 4 1 -1 -1
15 17 164.11534804727108 157.6611220526524 4 4 1 -1 -1
15 18 159.34892704029346 160.34444054546944 4 4 1 -1 -1
15 21 183.21633889745544 139.79586998205502 4 4 1 -1 -1
15 23 185.47597552298555 132.73450552727337 4 4 1 -1 -1
15 26 227.13802580619716 145.7274161240715 4 4 1 -1 -1
15 42 247.93511116381129 148.67544460487866 4 4 1 -1 -1
15 43 251.2031806635451 144.00677389097348 4 4 1 -1 -1
15 44 320.299507229342 142.7228894446497 4 4 1 -1 -1
15 49 307.48657388856526 161.4029412715916 4 4 1 -1 -1
15 50 231.72201303541453 129.58943231349434 4 4 1 -1 -1
15 55 410.4643191310704 207.33079869410676 4 4 1 -1 -1
15 56 72.80138836976329 74.87688490218757 4 4 1 -1 -1
15 57 81.06010602695554 110.64155983334311 4 4 1 -1 -1
15 58 142.57871315701306 112.50576004940524 4 4 1 -1 -1
15 62 91.46855723330361 132.54591237207555 4 4 1 -1 -1
15 63 92.71135737734518 129.12821197596128 4 4 1 -1 -1
15 65 97.13883289049328 152.74141471275107 4 4 1 -1 -1
15 66 100.84134165295043 162.83916588308878 4 4 1 -1 -1
15 67 109.02310926789077 157.81618196758743 4 4 1 -1 -1
15 68 119.27621045623366 114.68066030147803 4 4 1 -1 -1
15 69 170.75825005613228 72.03968681889793 4 4 1 -1 -1
15 71 175.42692077003738 71.57281974750737 4 4 1 -1 -1
15 72 191.76726826870572 73.6737215687647 4 4 1 -1 -1
15 74 198.18669050032528 74.14058864015524 4 4 1 -1 -1
15 75 190.65394802082375 5.65196073745604 4 4 1 -1 -1
15 78 12.342003384763515 46.53623173488807 4 4 1 -1 -1
15 81 513.6314556655492 170.92118710101272 4 4 1 -1 -1
15 82 517.7668731448478 173.40243758859168 4 4 1 -1 -1
15 83 484.8903041844262 184.5680647826971 4 4 1 -1 -1
15 84 485.71738768028587 179.19202205960926 4 4 1 -1 -1
15 86 409.21216431326735 200.69619295196054 4 4 1 -1 -1
15 89 134.09015809022014 147.0086271481706 4 4 1 -1 -1
15 91 138.26717147708447 151.53009969039348 4 4 1 -1 -1
15 92 85.05833731243122 172.45048716793795 4 4 1 -1 -1
15 94 48.370366618992776 149.26275595554216 4 4 1 -1 -1
15 95 73.61440002583083 12.4882697509142 4 4 1 -1 -1
15 96 68.31696441185366 7.703489196354167 4 4 1 -1 -1
15 97 94.71869997183667 11.206632102371328 4 4 1 -1 -1
15 98 65.58280409496221 8.899684334994177 4 4 1 -1 -1
15 99 648.61575495965 140.2186184876304 4 4 1 -1 -1
15 100 652.1381639767891 141.74637859152134 4 4 1 -1 -1
15 101 657.3373654536385 140.47310476045627 4 4 1 -1 -1
15 105 598.1161392354666 203.69855618043292 4 4 1 -1 -1
15 107 658.8362351095545 212.1797776083727 4 4 1 -1 -1
15 108 123.75920203765438 140.98520636464812 4 4 1 -1 -1
15 109 123.75920203765438 140.98520636464812 4 4 1 -1 -1
15 110 134.25712554719777 137.71340999591854 4 4 1 -1 -1
15 111 129.12158776190202 144.38960911680283 4 4 1 -1 -1
15 114 342.4941486988547 209.46242703582587 4 4 1 -1 -1
15 117 609.2217832061369 183.68610353045892 4 4 1 -1 -1
15 118 617.2858508028825 162.77819342620404 4 4 1 -1 -1
15 119 625.363119293673 140.92097524710803 4 4 1 -1 -1
15 146 482.8831091084917 190.7196310979627 4 4 1 -1 -1
15 149 481.62946283000304 193.7283821663358 4 4 1 -1 -1
15 154 123.454208343382 133.22851278576354 4 4 1 -1 -1
15 155 189.57165996565254 121.7575436497175 4 4 1 -1 -1
15 156 144.50820075563888 106.41722648735936 4 4 1 -1 -1
15 157 138.59067851228656 124.08423812617002 4 4 1 -1 -1
15 158 138.848006018365 121.63962681842439 4 4 1 -1 -1
15 160 24.346012229548634 129.5593973235288 4 4 1 -1 -1
15 164 622.3790842022777 142.73238888380197 4 4 1 -1 -1
15 168 488.9648272986658 173.19745365145494 4 4 1 -1 -1
15 171 597.871534328376 209.76629671591903 4 4 1 -1 -1
15 172 234.76011791203922 129.3829529349781 4 4 1 -1 -1
15 174 149.4896226083052 158.4413388826979 4 4 1 -1 -1
16 5 123.05351374271596 175.52637412324998 4 4 1 -1 -1
16 9 144.52006168525207 180.61055653069266 4 4 1 -1 -1
16 10 145.64987999801718 168.46500966846827 4 4 1 -1 -1
16 11 130.11487819749755 169.45360069213766 4 4 1 -1 -1
16 12 162.73838197858862 174.25532852138917 4 4 1 -1 -1
16 16 176.57865630996068 170.1597371376159 4 4 1 -1 -1
16 17 163.97412075817545 157.37866747446114 4 4 1 -1 -1
16 18 159.34892704029346 160.13259961182598 4 4 1 -1 -1
16 21 181.9675425363127 139.18426203770406 4 4 1 -1 -1
16 23 183.9736362878152 132.33640413242728 4 4 1 -1 -1
16 26 224.9151004278516 144.20728365071164 4 4 1 -1 -1
16 42 243.85002428914424 147.85842722994525 4 4 1 -1 -1
16 43 244.78375843192543 141.32228823047797 4 4 1 -1 -1
16 44 320.53294076503727 138.05421873074448 4 4 1 -1 -1
16 49 306.573732047229 163.1066559318635 4 4 1 -1 -1
16 50 231.20508585050226 128.9691196915996 4 4 1 -1 -1
16 55 412.42864243373714 208.7781948118612 4 4 1 -1 -1
16 56 70.23811307267756 73.634084758146 4 4 1 -1 -1
16 57 79.040555792888 110.64155983334311 4 4 1 -1 -1
16 58 139.00566274289355 111.10760988735848 4 4 1 -1 -1
16 62 92.40065734133479 131.7691622820496 4 4 1 -1 -1
16 63 92.71135737734518 128.5068119039405 4 4 1 -1 -1
16 65 97.68255795351146 152.5860646947459 4 4 1 -1 -1
16 66 101.10025834962576 162.6838158650836 4 4 1 -1 -1
16 67 109.33380930390116 157.7126152889173 4 4 1 -1 -1
16 68 119.27621045623366 114.68066030147803 4 4 1 -1 -1
16 69 170.524816520437 70.05550176548823 4 4 1 -1 -1
16 71 174.7266201629516 70.05550176548817 4 4 1 -1 -1
16 72 191.76726826870572 73.6737215687647 4 4 1 -1 -1
16 74 197.36967312539187 74.14058864015524 4 4 1 -1 -1
16 75 190.79517530991936 1.2739147754914306 4 4 1 -1 -1
16 78 10.96262340110971 46.111807124533044 4 4 1 -1 -1
16 81 513.4246847915842 168.6467074873987 4 4 1 -1 -1
16 82 516.7330187750232 168.85347836136356 4 4 1 -1 -1
16 83 484.8903041844262 184.5680647826971 4 4 1 -1 -1
16 84 485.71738768028587 179.19202205960926 4 4 1 -1 -1
16 86 408.1783099434428 200.2826512040307 4 4 1 -1 -1
16 89 134.09015809022014 147.0086271481706 4 4 1 -1 -1
16 91 138.26717147708447 151.53009969039348 4 4 1 -1 -1
16 92 85.1361484909963 172.25595922152525 4 4 1 -1 -1
16 94 49.30410076177382 149.0293224198469 4 4 1 -1 -1
16 95 73.61440002583083 12.4882697509142 4 4 1 -1 -1
16 96 68.31696441185366 7.703489196354167 4 4 1 -1 -1
16 97 94.46237244212809 11.975614691497043 4 4 1 -1 -1
16 98 65.58280409496221 8.899684334994177 4 4 1 -1 -1
16 99 647.5546934337623 142.76516614976052 4 4 1 -1 -1
16 100 650.9709962983128 143.76239549070766 4 4 1 -1 -1
16 101 655.4274547070409 144.92956316918395 4 4 1 -1 -1
16 105 598.1161392354666 203.69855618043292 4 4 1 -1 -1
16 107 660.1844463461296 210.39503917411324 4 4 1 -1 -1
16 108 123.75920203765438 140.98520636464812 4 4 1 -1 -1
16 109 123.75920203765438 140.98520636464812 4 4 1 -1 -1
16 110 134.25712554719777 137.71340999591854 4 4 1 -1 -1
16 111 129.12158776190202 144.38960911680283 4 4 1 -1 -1
16 114 342.4941486988547 209.46242703582587 4 4 1 -1 -1
16 117 609.2217832061369 183.68610353045892 4 4 1 -1 -1
16 118 617.9074935856041 162.98540768711126 4 4 1 -1 -1
16 119 625.9766515174789 140.94079411053457 4 4 1 -1 -1
16 146 482.8831091084917 190.7196310979627 4 4 1 -1 -1
16 149 481.62946283000304 193.7283821663358 4 4 1 -1 -1
16 154 123.454208343382 133.22851278576354 4 4 1 -1 -1
16 155 189.57165996565254 121.7575436497175 4 4 1 -1 -1
16 156 142.38524883049135 105.42651558895717 4 4 1 -1 -1
16 157 138.59067851228656 124.08423812617002 4 4 1 -1 -1
16 158 138.848006018365 121.63962681842439 4 4 1 -1 -1
16 160 24.722765431198155 128.80589092022979 4 4 1 -1 -1
16 164 622.4481556225801 142.704760315681 4 4 1 -1 -1
16 168 489.1010500471961 173.2558348293965 4 4 1 -1 -1
16 171 597.871534328376 210.28005108180471 4 4 1 -1 -1
16 172 234.1384144220145 129.590187431653 4 4 1 -1 -1
16 174 149.83215896644555 158.18443661409265 4 4 1 -1 -1
